1 
101 
1.919000e-02 

-9.594999e-01 
-9.403099e-01 
-9.211199e-01 
-9.019299e-01 
-8.827399e-01 
-8.635499e-01 
-8.443599e-01 
-8.251699e-01 
-8.059799e-01 
-7.867899e-01 
-7.675999e-01 
-7.484099e-01 
-7.292199e-01 
-7.100299e-01 
-6.908399e-01 
-6.716499e-01 
-6.524599e-01 
-6.332699e-01 
-6.140799e-01 
-5.948899e-01 
-5.756999e-01 
-5.565099e-01 
-5.373199e-01 
-5.181299e-01 
-4.989399e-01 
-4.797499e-01 
-4.605599e-01 
-4.413699e-01 
-4.221799e-01 
-4.029899e-01 
-3.837999e-01 
-3.646099e-01 
-3.454200e-01 
-3.262300e-01 
-3.070400e-01 
-2.878500e-01 
-2.686600e-01 
-2.494700e-01 
-2.302800e-01 
-2.110900e-01 
-1.919000e-01 
-1.727100e-01 
-1.535200e-01 
-1.343300e-01 
-1.151400e-01 
-9.594999e-02 
-7.675999e-02 
-5.756999e-02 
-3.837999e-02 
-1.919000e-02 
0.000000e+00 
1.919000e-02 
3.837999e-02 
5.756999e-02 
7.675999e-02 
9.594999e-02 
1.151400e-01 
1.343300e-01 
1.535200e-01 
1.727100e-01 
1.919000e-01 
2.110900e-01 
2.302800e-01 
2.494700e-01 
2.686600e-01 
2.878500e-01 
3.070400e-01 
3.262300e-01 
3.454200e-01 
3.646099e-01 
3.837999e-01 
4.029899e-01 
4.221799e-01 
4.413699e-01 
4.605599e-01 
4.797499e-01 
4.989399e-01 
5.181299e-01 
5.373199e-01 
5.565099e-01 
5.756999e-01 
5.948899e-01 
6.140799e-01 
6.332699e-01 
6.524599e-01 
6.716499e-01 
6.908399e-01 
7.100299e-01 
7.292199e-01 
7.484099e-01 
7.675999e-01 
7.867899e-01 
8.059799e-01 
8.251699e-01 
8.443599e-01 
8.635499e-01 
8.827399e-01 
9.019299e-01 
9.211199e-01 
9.403099e-01 
9.594999e-01 

1 
131 
1.704515e-02 

-1.107935e+00 
-1.090890e+00 
-1.073845e+00 
-1.056800e+00 
-1.039754e+00 
-1.022709e+00 
-1.005664e+00 
-9.886189e-01 
-9.715738e-01 
-9.545286e-01 
-9.374835e-01 
-9.204383e-01 
-9.033932e-01 
-8.863480e-01 
-8.693029e-01 
-8.522577e-01 
-8.352125e-01 
-8.181674e-01 
-8.011222e-01 
-7.840771e-01 
-7.670319e-01 
-7.499868e-01 
-7.329416e-01 
-7.158965e-01 
-6.988513e-01 
-6.818062e-01 
-6.647610e-01 
-6.477159e-01 
-6.306707e-01 
-6.136255e-01 
-5.965804e-01 
-5.795352e-01 
-5.624901e-01 
-5.454449e-01 
-5.283998e-01 
-5.113546e-01 
-4.943095e-01 
-4.772643e-01 
-4.602192e-01 
-4.431740e-01 
-4.261288e-01 
-4.090837e-01 
-3.920385e-01 
-3.749934e-01 
-3.579482e-01 
-3.409031e-01 
-3.238579e-01 
-3.068128e-01 
-2.897676e-01 
-2.727225e-01 
-2.556773e-01 
-2.386322e-01 
-2.215870e-01 
-2.045418e-01 
-1.874967e-01 
-1.704515e-01 
-1.534064e-01 
-1.363612e-01 
-1.193161e-01 
-1.022709e-01 
-8.522577e-02 
-6.818062e-02 
-5.113546e-02 
-3.409031e-02 
-1.704515e-02 
0.000000e+00 
1.704515e-02 
3.409031e-02 
5.113546e-02 
6.818062e-02 
8.522577e-02 
1.022709e-01 
1.193161e-01 
1.363612e-01 
1.534064e-01 
1.704515e-01 
1.874967e-01 
2.045418e-01 
2.215870e-01 
2.386322e-01 
2.556773e-01 
2.727225e-01 
2.897676e-01 
3.068128e-01 
3.238579e-01 
3.409031e-01 
3.579482e-01 
3.749934e-01 
3.920385e-01 
4.090837e-01 
4.261288e-01 
4.431740e-01 
4.602192e-01 
4.772643e-01 
4.943095e-01 
5.113546e-01 
5.283998e-01 
5.454449e-01 
5.624901e-01 
5.795352e-01 
5.965804e-01 
6.136255e-01 
6.306707e-01 
6.477159e-01 
6.647610e-01 
6.818062e-01 
6.988513e-01 
7.158965e-01 
7.329416e-01 
7.499868e-01 
7.670319e-01 
7.840771e-01 
8.011222e-01 
8.181674e-01 
8.352125e-01 
8.522577e-01 
8.693029e-01 
8.863480e-01 
9.033932e-01 
9.204383e-01 
9.374835e-01 
9.545286e-01 
9.715738e-01 
9.886189e-01 
1.005664e+00 
1.022709e+00 
1.039754e+00 
1.056800e+00 
1.073845e+00 
1.090890e+00 
1.107935e+00 

1 
1 
1.000000e+00 

0.000000e+00 
