1 
80 
4.858227e-02 

-1.919000e+00 
-1.870417e+00 
-1.821835e+00 
-1.773253e+00 
-1.724671e+00 
-1.676088e+00 
-1.627506e+00 
-1.578924e+00 
-1.530342e+00 
-1.481759e+00 
-1.433177e+00 
-1.384595e+00 
-1.336012e+00 
-1.287430e+00 
-1.238848e+00 
-1.190266e+00 
-1.141683e+00 
-1.093101e+00 
-1.044519e+00 
-9.959366e-01 
-9.473543e-01 
-8.987720e-01 
-8.501898e-01 
-8.016075e-01 
-7.530252e-01 
-7.044429e-01 
-6.558607e-01 
-6.072784e-01 
-5.586961e-01 
-5.101139e-01 
-4.615316e-01 
-4.129493e-01 
-3.643670e-01 
-3.157848e-01 
-2.672025e-01 
-2.186202e-01 
-1.700380e-01 
-1.214557e-01 
-7.287341e-02 
-2.429114e-02 
2.429114e-02 
7.287341e-02 
1.214557e-01 
1.700380e-01 
2.186202e-01 
2.672025e-01 
3.157848e-01 
3.643670e-01 
4.129493e-01 
4.615316e-01 
5.101139e-01 
5.586961e-01 
6.072784e-01 
6.558607e-01 
7.044429e-01 
7.530252e-01 
8.016075e-01 
8.501898e-01 
8.987720e-01 
9.473543e-01 
9.959366e-01 
1.044519e+00 
1.093101e+00 
1.141683e+00 
1.190266e+00 
1.238848e+00 
1.287430e+00 
1.336012e+00 
1.384595e+00 
1.433177e+00 
1.481759e+00 
1.530342e+00 
1.578924e+00 
1.627506e+00 
1.676088e+00 
1.724671e+00 
1.773253e+00 
1.821835e+00 
1.870417e+00 
1.919000e+00 

1 
46 
2.462078e-02 

0.000000e+00 
2.462078e-02 
4.924156e-02 
7.386233e-02 
9.848311e-02 
1.231039e-01 
1.477247e-01 
1.723454e-01 
1.969662e-01 
2.215870e-01 
2.462078e-01 
2.708286e-01 
2.954493e-01 
3.200701e-01 
3.446909e-01 
3.693117e-01 
3.939324e-01 
4.185532e-01 
4.431740e-01 
4.677948e-01 
4.924156e-01 
5.170363e-01 
5.416571e-01 
5.662779e-01 
5.908987e-01 
6.155194e-01 
6.401402e-01 
6.647610e-01 
6.893818e-01 
7.140026e-01 
7.386233e-01 
7.632441e-01 
7.878649e-01 
8.124857e-01 
8.371065e-01 
8.617272e-01 
8.863480e-01 
9.109688e-01 
9.355896e-01 
9.602103e-01 
9.848311e-01 
1.009452e+00 
1.034073e+00 
1.058693e+00 
1.083314e+00 
1.107935e+00 

1 
1 
1.000000e+00 

0.000000e+00 
