1 
201 
9.594999e-03 

-9.594999e-01 
-9.499049e-01 
-9.403099e-01 
-9.307149e-01 
-9.211199e-01 
-9.115249e-01 
-9.019299e-01 
-8.923349e-01 
-8.827399e-01 
-8.731449e-01 
-8.635499e-01 
-8.539549e-01 
-8.443599e-01 
-8.347649e-01 
-8.251699e-01 
-8.155749e-01 
-8.059799e-01 
-7.963849e-01 
-7.867899e-01 
-7.771949e-01 
-7.675999e-01 
-7.580049e-01 
-7.484099e-01 
-7.388149e-01 
-7.292199e-01 
-7.196249e-01 
-7.100299e-01 
-7.004349e-01 
-6.908399e-01 
-6.812449e-01 
-6.716499e-01 
-6.620549e-01 
-6.524599e-01 
-6.428649e-01 
-6.332699e-01 
-6.236749e-01 
-6.140799e-01 
-6.044849e-01 
-5.948899e-01 
-5.852949e-01 
-5.756999e-01 
-5.661049e-01 
-5.565099e-01 
-5.469149e-01 
-5.373199e-01 
-5.277249e-01 
-5.181299e-01 
-5.085349e-01 
-4.989399e-01 
-4.893449e-01 
-4.797499e-01 
-4.701549e-01 
-4.605599e-01 
-4.509649e-01 
-4.413699e-01 
-4.317749e-01 
-4.221799e-01 
-4.125849e-01 
-4.029899e-01 
-3.933949e-01 
-3.837999e-01 
-3.742049e-01 
-3.646099e-01 
-3.550149e-01 
-3.454200e-01 
-3.358250e-01 
-3.262300e-01 
-3.166350e-01 
-3.070400e-01 
-2.974450e-01 
-2.878500e-01 
-2.782550e-01 
-2.686600e-01 
-2.590650e-01 
-2.494700e-01 
-2.398750e-01 
-2.302800e-01 
-2.206850e-01 
-2.110900e-01 
-2.014950e-01 
-1.919000e-01 
-1.823050e-01 
-1.727100e-01 
-1.631150e-01 
-1.535200e-01 
-1.439250e-01 
-1.343300e-01 
-1.247350e-01 
-1.151400e-01 
-1.055450e-01 
-9.594999e-02 
-8.635499e-02 
-7.675999e-02 
-6.716499e-02 
-5.756999e-02 
-4.797499e-02 
-3.837999e-02 
-2.878500e-02 
-1.919000e-02 
-9.594999e-03 
0.000000e+00 
9.594999e-03 
1.919000e-02 
2.878500e-02 
3.837999e-02 
4.797499e-02 
5.756999e-02 
6.716499e-02 
7.675999e-02 
8.635499e-02 
9.594999e-02 
1.055450e-01 
1.151400e-01 
1.247350e-01 
1.343300e-01 
1.439250e-01 
1.535200e-01 
1.631150e-01 
1.727100e-01 
1.823050e-01 
1.919000e-01 
2.014950e-01 
2.110900e-01 
2.206850e-01 
2.302800e-01 
2.398750e-01 
2.494700e-01 
2.590650e-01 
2.686600e-01 
2.782550e-01 
2.878500e-01 
2.974450e-01 
3.070400e-01 
3.166350e-01 
3.262300e-01 
3.358250e-01 
3.454200e-01 
3.550149e-01 
3.646099e-01 
3.742049e-01 
3.837999e-01 
3.933949e-01 
4.029899e-01 
4.125849e-01 
4.221799e-01 
4.317749e-01 
4.413699e-01 
4.509649e-01 
4.605599e-01 
4.701549e-01 
4.797499e-01 
4.893449e-01 
4.989399e-01 
5.085349e-01 
5.181299e-01 
5.277249e-01 
5.373199e-01 
5.469149e-01 
5.565099e-01 
5.661049e-01 
5.756999e-01 
5.852949e-01 
5.948899e-01 
6.044849e-01 
6.140799e-01 
6.236749e-01 
6.332699e-01 
6.428649e-01 
6.524599e-01 
6.620549e-01 
6.716499e-01 
6.812449e-01 
6.908399e-01 
7.004349e-01 
7.100299e-01 
7.196249e-01 
7.292199e-01 
7.388149e-01 
7.484099e-01 
7.580049e-01 
7.675999e-01 
7.771949e-01 
7.867899e-01 
7.963849e-01 
8.059799e-01 
8.155749e-01 
8.251699e-01 
8.347649e-01 
8.443599e-01 
8.539549e-01 
8.635499e-01 
8.731449e-01 
8.827399e-01 
8.923349e-01 
9.019299e-01 
9.115249e-01 
9.211199e-01 
9.307149e-01 
9.403099e-01 
9.499049e-01 
9.594999e-01 

1 
233 
9.551164e-03 

-1.107935e+00 
-1.098384e+00 
-1.088833e+00 
-1.079282e+00 
-1.069730e+00 
-1.060179e+00 
-1.050628e+00 
-1.041077e+00 
-1.031526e+00 
-1.021975e+00 
-1.012423e+00 
-1.002872e+00 
-9.933210e-01 
-9.837699e-01 
-9.742187e-01 
-9.646676e-01 
-9.551164e-01 
-9.455652e-01 
-9.360141e-01 
-9.264629e-01 
-9.169117e-01 
-9.073606e-01 
-8.978094e-01 
-8.882582e-01 
-8.787071e-01 
-8.691559e-01 
-8.596047e-01 
-8.500536e-01 
-8.405024e-01 
-8.309513e-01 
-8.214001e-01 
-8.118489e-01 
-8.022978e-01 
-7.927466e-01 
-7.831954e-01 
-7.736443e-01 
-7.640931e-01 
-7.545419e-01 
-7.449908e-01 
-7.354396e-01 
-7.258885e-01 
-7.163373e-01 
-7.067861e-01 
-6.972350e-01 
-6.876838e-01 
-6.781326e-01 
-6.685815e-01 
-6.590303e-01 
-6.494791e-01 
-6.399280e-01 
-6.303768e-01 
-6.208257e-01 
-6.112745e-01 
-6.017233e-01 
-5.921722e-01 
-5.826210e-01 
-5.730698e-01 
-5.635187e-01 
-5.539675e-01 
-5.444163e-01 
-5.348652e-01 
-5.253140e-01 
-5.157628e-01 
-5.062117e-01 
-4.966605e-01 
-4.871094e-01 
-4.775582e-01 
-4.680070e-01 
-4.584559e-01 
-4.489047e-01 
-4.393535e-01 
-4.298024e-01 
-4.202512e-01 
-4.107000e-01 
-4.011489e-01 
-3.915977e-01 
-3.820466e-01 
-3.724954e-01 
-3.629442e-01 
-3.533931e-01 
-3.438419e-01 
-3.342907e-01 
-3.247396e-01 
-3.151884e-01 
-3.056372e-01 
-2.960861e-01 
-2.865349e-01 
-2.769838e-01 
-2.674326e-01 
-2.578814e-01 
-2.483303e-01 
-2.387791e-01 
-2.292279e-01 
-2.196768e-01 
-2.101256e-01 
-2.005744e-01 
-1.910233e-01 
-1.814721e-01 
-1.719209e-01 
-1.623698e-01 
-1.528186e-01 
-1.432675e-01 
-1.337163e-01 
-1.241651e-01 
-1.146140e-01 
-1.050628e-01 
-9.551164e-02 
-8.596047e-02 
-7.640931e-02 
-6.685815e-02 
-5.730698e-02 
-4.775582e-02 
-3.820466e-02 
-2.865349e-02 
-1.910233e-02 
-9.551164e-03 
0.000000e+00 
9.551164e-03 
1.910233e-02 
2.865349e-02 
3.820466e-02 
4.775582e-02 
5.730698e-02 
6.685815e-02 
7.640931e-02 
8.596047e-02 
9.551164e-02 
1.050628e-01 
1.146140e-01 
1.241651e-01 
1.337163e-01 
1.432675e-01 
1.528186e-01 
1.623698e-01 
1.719209e-01 
1.814721e-01 
1.910233e-01 
2.005744e-01 
2.101256e-01 
2.196768e-01 
2.292279e-01 
2.387791e-01 
2.483303e-01 
2.578814e-01 
2.674326e-01 
2.769838e-01 
2.865349e-01 
2.960861e-01 
3.056372e-01 
3.151884e-01 
3.247396e-01 
3.342907e-01 
3.438419e-01 
3.533931e-01 
3.629442e-01 
3.724954e-01 
3.820466e-01 
3.915977e-01 
4.011489e-01 
4.107000e-01 
4.202512e-01 
4.298024e-01 
4.393535e-01 
4.489047e-01 
4.584559e-01 
4.680070e-01 
4.775582e-01 
4.871094e-01 
4.966605e-01 
5.062117e-01 
5.157628e-01 
5.253140e-01 
5.348652e-01 
5.444163e-01 
5.539675e-01 
5.635187e-01 
5.730698e-01 
5.826210e-01 
5.921722e-01 
6.017233e-01 
6.112745e-01 
6.208257e-01 
6.303768e-01 
6.399280e-01 
6.494791e-01 
6.590303e-01 
6.685815e-01 
6.781326e-01 
6.876838e-01 
6.972350e-01 
7.067861e-01 
7.163373e-01 
7.258885e-01 
7.354396e-01 
7.449908e-01 
7.545419e-01 
7.640931e-01 
7.736443e-01 
7.831954e-01 
7.927466e-01 
8.022978e-01 
8.118489e-01 
8.214001e-01 
8.309513e-01 
8.405024e-01 
8.500536e-01 
8.596047e-01 
8.691559e-01 
8.787071e-01 
8.882582e-01 
8.978094e-01 
9.073606e-01 
9.169117e-01 
9.264629e-01 
9.360141e-01 
9.455652e-01 
9.551164e-01 
9.646676e-01 
9.742187e-01 
9.837699e-01 
9.933210e-01 
1.002872e+00 
1.012423e+00 
1.021975e+00 
1.031526e+00 
1.041077e+00 
1.050628e+00 
1.060179e+00 
1.069730e+00 
1.079282e+00 
1.088833e+00 
1.098384e+00 
1.107935e+00 

1 
1 
1.000000e+00 

0.000000e+00 
