1 
41 
4.797499e-02 

-9.594999e-01 
-9.115249e-01 
-8.635499e-01 
-8.155749e-01 
-7.675999e-01 
-7.196249e-01 
-6.716499e-01 
-6.236749e-01 
-5.756999e-01 
-5.277249e-01 
-4.797499e-01 
-4.317749e-01 
-3.837999e-01 
-3.358250e-01 
-2.878500e-01 
-2.398750e-01 
-1.919000e-01 
-1.439250e-01 
-9.594999e-02 
-4.797499e-02 
0.000000e+00 
4.797499e-02 
9.594999e-02 
1.439250e-01 
1.919000e-01 
2.398750e-01 
2.878500e-01 
3.358250e-01 
3.837999e-01 
4.317749e-01 
4.797499e-01 
5.277249e-01 
5.756999e-01 
6.236749e-01 
6.716499e-01 
7.196249e-01 
7.675999e-01 
8.155749e-01 
8.635499e-01 
9.115249e-01 
9.594999e-01 

1 
47 
4.817109e-02 

-1.107935e+00 
-1.059764e+00 
-1.011593e+00 
-9.634217e-01 
-9.152507e-01 
-8.670796e-01 
-8.189085e-01 
-7.707374e-01 
-7.225663e-01 
-6.743952e-01 
-6.262241e-01 
-5.780530e-01 
-5.298820e-01 
-4.817109e-01 
-4.335398e-01 
-3.853687e-01 
-3.371976e-01 
-2.890265e-01 
-2.408554e-01 
-1.926843e-01 
-1.445133e-01 
-9.634217e-02 
-4.817109e-02 
0.000000e+00 
4.817109e-02 
9.634217e-02 
1.445133e-01 
1.926843e-01 
2.408554e-01 
2.890265e-01 
3.371976e-01 
3.853687e-01 
4.335398e-01 
4.817109e-01 
5.298820e-01 
5.780530e-01 
6.262241e-01 
6.743952e-01 
7.225663e-01 
7.707374e-01 
8.189085e-01 
8.670796e-01 
9.152507e-01 
9.634217e-01 
1.011593e+00 
1.059764e+00 
1.107935e+00 

1 
1 
1.000000e+00 

0.000000e+00 
