
-9.594999e-01 -1.107935e+00 6.834667e-01 
-9.115249e-01 -1.107935e+00 7.014050e-01 
-8.635499e-01 -1.107935e+00 7.067154e-01 
-8.155749e-01 -1.107935e+00 7.032365e-01 
-7.675999e-01 -1.107935e+00 6.950892e-01 
-7.196249e-01 -1.107935e+00 6.861250e-01 
-6.716499e-01 -1.107935e+00 6.796915e-01 
-6.236749e-01 -1.107935e+00 6.786451e-01 
-5.756999e-01 -1.107935e+00 6.855145e-01 
-5.277249e-01 -1.107935e+00 7.027431e-01 
-4.797499e-01 -1.107935e+00 7.329718e-01 
-4.317749e-01 -1.107935e+00 7.793585e-01 
-3.837999e-01 -1.107935e+00 8.459503e-01 
-3.358250e-01 -1.107935e+00 9.381404e-01 
-2.878500e-01 -1.107935e+00 1.063253e+00 
-2.398750e-01 -1.107935e+00 1.231298e+00 
-1.919000e-01 -1.107935e+00 1.455902e+00 
-1.439250e-01 -1.107935e+00 1.755360e+00 
-9.594999e-02 -1.107935e+00 2.153447e+00 
-4.797499e-02 -1.107935e+00 2.679151e+00 
0.000000e+00 -1.107935e+00 3.363316e+00 
4.797499e-02 -1.107935e+00 4.228724e+00 
9.594999e-02 -1.107935e+00 5.269486e+00 
1.439250e-01 -1.107935e+00 6.420584e+00 
1.919000e-01 -1.107935e+00 7.535097e+00 
2.398750e-01 -1.107935e+00 8.407679e+00 
2.878500e-01 -1.107935e+00 8.866637e+00 
3.358250e-01 -1.107935e+00 8.878779e+00 
3.837999e-01 -1.107935e+00 8.566271e+00 
4.317749e-01 -1.107935e+00 8.122645e+00 
4.797499e-01 -1.107935e+00 7.715889e+00 
5.277249e-01 -1.107935e+00 7.442690e+00 
5.756999e-01 -1.107935e+00 7.324674e+00 
6.236749e-01 -1.107935e+00 7.313883e+00 
6.716499e-01 -1.107935e+00 7.295005e+00 
7.196249e-01 -1.107935e+00 7.102565e+00 
7.675999e-01 -1.107935e+00 6.585687e+00 
8.155749e-01 -1.107935e+00 5.710309e+00 
8.635499e-01 -1.107935e+00 4.605215e+00 
9.115249e-01 -1.107935e+00 3.481439e+00 
9.594999e-01 -1.107935e+00 2.505413e+00 

-9.594999e-01 -1.059764e+00 6.935812e-01 
-9.115249e-01 -1.059764e+00 7.111102e-01 
-8.635499e-01 -1.059764e+00 7.156667e-01 
-8.155749e-01 -1.059764e+00 7.111961e-01 
-7.675999e-01 -1.059764e+00 7.019177e-01 
-7.196249e-01 -1.059764e+00 6.917550e-01 
-6.716499e-01 -1.059764e+00 6.840955e-01 
-6.236749e-01 -1.059764e+00 6.818036e-01 
-5.756999e-01 -1.059764e+00 6.873873e-01 
-5.277249e-01 -1.059764e+00 7.032407e-01 
-4.797499e-01 -1.059764e+00 7.319248e-01 
-4.317749e-01 -1.059764e+00 7.764768e-01 
-3.837999e-01 -1.059764e+00 8.407647e-01 
-3.358250e-01 -1.059764e+00 9.299127e-01 
-2.878500e-01 -1.059764e+00 1.050834e+00 
-2.398750e-01 -1.059764e+00 1.212897e+00 
-1.919000e-01 -1.059764e+00 1.428728e+00 
-1.439250e-01 -1.059764e+00 1.715041e+00 
-9.594999e-02 -1.059764e+00 2.093161e+00 
-4.797499e-02 -1.059764e+00 2.588393e+00 
0.000000e+00 -1.059764e+00 3.226472e+00 
4.797499e-02 -1.059764e+00 4.024180e+00 
9.594999e-02 -1.059764e+00 4.971242e+00 
1.439250e-01 -1.059764e+00 6.005508e+00 
1.919000e-01 -1.059764e+00 6.997375e+00 
2.398750e-01 -1.059764e+00 7.773863e+00 
2.878500e-01 -1.059764e+00 8.195775e+00 
3.358250e-01 -1.059764e+00 8.240278e+00 
3.837999e-01 -1.059764e+00 8.012098e+00 
4.317749e-01 -1.059764e+00 7.675962e+00 
4.797499e-01 -1.059764e+00 7.377931e+00 
5.277249e-01 -1.059764e+00 7.205422e+00 
5.756999e-01 -1.059764e+00 7.179817e+00 
6.236749e-01 -1.059764e+00 7.255858e+00 
6.716499e-01 -1.059764e+00 7.318236e+00 
7.196249e-01 -1.059764e+00 7.194861e+00 
7.675999e-01 -1.059764e+00 6.722942e+00 
8.155749e-01 -1.059764e+00 5.860275e+00 
8.635499e-01 -1.059764e+00 4.740185e+00 
9.115249e-01 -1.059764e+00 3.587867e+00 
9.594999e-01 -1.059764e+00 2.582754e+00 

-9.594999e-01 -1.011593e+00 7.246545e-01 
-9.115249e-01 -1.011593e+00 7.408531e-01 
-8.635499e-01 -1.011593e+00 7.430113e-01 
-8.155749e-01 -1.011593e+00 7.354161e-01 
-7.675999e-01 -1.011593e+00 7.225992e-01 
-7.196249e-01 -1.011593e+00 7.087122e-01 
-6.716499e-01 -1.011593e+00 6.972681e-01 
-6.236749e-01 -1.011593e+00 6.911586e-01 
-5.756999e-01 -1.011593e+00 6.928308e-01 
-5.277249e-01 -1.011593e+00 7.045355e-01 
-4.797499e-01 -1.011593e+00 7.286010e-01 
-4.317749e-01 -1.011593e+00 7.677196e-01 
-3.837999e-01 -1.011593e+00 8.252533e-01 
-3.358250e-01 -1.011593e+00 9.055776e-01 
-2.878500e-01 -1.011593e+00 1.014480e+00 
-2.398750e-01 -1.011593e+00 1.159612e+00 
-1.919000e-01 -1.011593e+00 1.350966e+00 
-1.439250e-01 -1.011593e+00 1.601219e+00 
-9.594999e-02 -1.011593e+00 1.925635e+00 
-4.797499e-02 -1.011593e+00 2.340809e+00 
0.000000e+00 -1.011593e+00 2.861071e+00 
4.797499e-02 -1.011593e+00 3.491021e+00 
9.594999e-02 -1.011593e+00 4.213618e+00 
1.439250e-01 -1.011593e+00 4.977281e+00 
1.919000e-01 -1.011593e+00 5.692954e+00 
2.398750e-01 -1.011593e+00 6.255690e+00 
2.878500e-01 -1.011593e+00 6.590864e+00 
3.358250e-01 -1.011593e+00 6.695951e+00 
3.837999e-01 -1.011593e+00 6.642572e+00 
4.317749e-01 -1.011593e+00 6.539160e+00 
4.797499e-01 -1.011593e+00 6.487011e+00 
5.277249e-01 -1.011593e+00 6.553520e+00 
5.756999e-01 -1.011593e+00 6.759583e+00 
6.236749e-01 -1.011593e+00 7.066628e+00 
6.716499e-01 -1.011593e+00 7.358700e+00 
7.196249e-01 -1.011593e+00 7.442650e+00 
7.675999e-01 -1.011593e+00 7.115166e+00 
8.155749e-01 -1.011593e+00 6.301670e+00 
8.635499e-01 -1.011593e+00 5.143448e+00 
9.115249e-01 -1.011593e+00 3.907890e+00 
9.594999e-01 -1.011593e+00 2.815690e+00 

-9.594999e-01 -9.634217e-01 7.789488e-01 
-9.115249e-01 -9.634217e-01 7.925601e-01 
-8.635499e-01 -9.634217e-01 7.902365e-01 
-8.155749e-01 -9.634217e-01 7.769104e-01 
-7.675999e-01 -9.634217e-01 7.576955e-01 
-7.196249e-01 -9.634217e-01 7.371629e-01 
-6.716499e-01 -9.634217e-01 7.190551e-01 
-6.236749e-01 -9.634217e-01 7.063176e-01 
-5.756999e-01 -9.634217e-01 7.013016e-01 
-5.277249e-01 -9.634217e-01 7.060290e-01 
-4.797499e-01 -9.634217e-01 7.224651e-01 
-4.317749e-01 -9.634217e-01 7.527768e-01 
-3.837999e-01 -9.634217e-01 7.995792e-01 
-3.358250e-01 -9.634217e-01 8.661763e-01 
-2.878500e-01 -9.634217e-01 9.567965e-01 
-2.398750e-01 -9.634217e-01 1.076805e+00 
-1.919000e-01 -9.634217e-01 1.232831e+00 
-1.439250e-01 -9.634217e-01 1.432678e+00 
-9.594999e-02 -9.634217e-01 1.684756e+00 
-4.797499e-02 -9.634217e-01 1.996631e+00 
0.000000e+00 -9.634217e-01 2.372190e+00 
4.797499e-02 -9.634217e-01 2.807130e+00 
9.594999e-02 -9.634217e-01 3.283590e+00 
1.439250e-01 -9.634217e-01 3.766812e+00 
1.919000e-01 -9.634217e-01 4.208907e+00 
2.398750e-01 -9.634217e-01 4.563243e+00 
2.878500e-01 -9.634217e-01 4.805317e+00 
3.358250e-01 -9.634217e-01 4.947457e+00 
3.837999e-01 -9.634217e-01 5.036876e+00 
4.317749e-01 -9.634217e-01 5.139690e+00 
4.797499e-01 -9.634217e-01 5.322299e+00 
5.277249e-01 -9.634217e-01 5.637096e+00 
5.756999e-01 -9.634217e-01 6.108879e+00 
6.236749e-01 -9.634217e-01 6.712100e+00 
6.716499e-01 -9.634217e-01 7.334716e+00 
7.196249e-01 -9.634217e-01 7.753291e+00 
7.675999e-01 -9.634217e-01 7.690109e+00 
8.155749e-01 -9.634217e-01 6.994146e+00 
8.635499e-01 -9.634217e-01 5.798584e+00 
9.115249e-01 -9.634217e-01 4.436322e+00 
9.594999e-01 -9.634217e-01 3.202620e+00 

-9.594999e-01 -9.152507e-01 8.604742e-01 
-9.115249e-01 -9.152507e-01 8.695838e-01 
-8.635499e-01 -9.152507e-01 8.598613e-01 
-8.155749e-01 -9.152507e-01 8.373233e-01 
-7.675999e-01 -9.152507e-01 8.080403e-01 
-7.196249e-01 -9.152507e-01 7.772563e-01 
-6.716499e-01 -9.152507e-01 7.490746e-01 
-6.236749e-01 -9.152507e-01 7.265281e-01 
-5.756999e-01 -9.152507e-01 7.118378e-01 
-5.277249e-01 -9.152507e-01 7.067197e-01 
-4.797499e-01 -9.152507e-01 7.126724e-01 
-4.317749e-01 -9.152507e-01 7.312182e-01 
-3.837999e-01 -9.152507e-01 7.640986e-01 
-3.358250e-01 -9.152507e-01 8.134241e-01 
-2.878500e-01 -9.152507e-01 8.817767e-01 
-2.398750e-01 -9.152507e-01 9.722403e-01 
-1.919000e-01 -9.152507e-01 1.088310e+00 
-1.439250e-01 -9.152507e-01 1.233592e+00 
-9.594999e-02 -9.152507e-01 1.411169e+00 
-4.797499e-02 -9.152507e-01 1.622495e+00 
0.000000e+00 -9.152507e-01 1.865797e+00 
4.797499e-02 -9.152507e-01 2.134230e+00 
9.594999e-02 -9.152507e-01 2.414663e+00 
1.439250e-01 -9.152507e-01 2.688496e+00 
1.919000e-01 -9.152507e-01 2.935886e+00 
2.398750e-01 -9.152507e-01 3.143138e+00 
2.878500e-01 -9.152507e-01 3.310412e+00 
3.358250e-01 -9.152507e-01 3.455737e+00 
3.837999e-01 -9.152507e-01 3.613390e+00 
4.317749e-01 -9.152507e-01 3.828507e+00 
4.797499e-01 -9.152507e-01 4.151127e+00 
5.277249e-01 -9.152507e-01 4.630220e+00 
5.756999e-01 -9.152507e-01 5.302939e+00 
6.236749e-01 -9.152507e-01 6.168604e+00 
6.716499e-01 -9.152507e-01 7.137087e+00 
7.196249e-01 -9.152507e-01 7.968189e+00 
7.675999e-01 -9.152507e-01 8.292212e+00 
8.155749e-01 -9.152507e-01 7.824265e+00 
8.635499e-01 -9.152507e-01 6.639343e+00 
9.115249e-01 -9.152507e-01 5.138623e+00 
9.594999e-01 -9.152507e-01 3.725650e+00 

-9.594999e-01 -8.670796e-01 9.753501e-01 
-9.115249e-01 -8.670796e-01 9.768892e-01 
-8.635499e-01 -8.670796e-01 9.554488e-01 
-8.155749e-01 -8.670796e-01 9.188090e-01 
-7.675999e-01 -8.670796e-01 8.745410e-01 
-7.196249e-01 -8.670796e-01 8.289046e-01 
-6.716499e-01 -8.670796e-01 7.865211e-01 
-6.236749e-01 -8.670796e-01 7.505367e-01 
-5.756999e-01 -8.670796e-01 7.229922e-01 
-5.277249e-01 -8.670796e-01 7.052156e-01 
-4.797499e-01 -8.670796e-01 6.981538e-01 
-4.317749e-01 -8.670796e-01 7.026204e-01 
-3.837999e-01 -8.670796e-01 7.194628e-01 
-3.358250e-01 -8.670796e-01 7.496572e-01 
-2.878500e-01 -8.670796e-01 7.943331e-01 
-2.398750e-01 -8.670796e-01 8.547191e-01 
-1.919000e-01 -8.670796e-01 9.319866e-01 
-1.439250e-01 -8.670796e-01 1.026962e+00 
-9.594999e-02 -8.670796e-01 1.139687e+00 
-4.797499e-02 -8.670796e-01 1.268850e+00 
0.000000e+00 -8.670796e-01 1.411207e+00 
4.797499e-02 -8.670796e-01 1.561278e+00 
9.594999e-02 -8.670796e-01 1.711748e+00 
1.439250e-01 -8.670796e-01 1.854978e+00 
1.919000e-01 -8.670796e-01 1.985687e+00 
2.398750e-01 -8.670796e-01 2.104175e+00 
2.878500e-01 -8.670796e-01 2.218976e+00 
3.358250e-01 -8.670796e-01 2.348012e+00 
3.837999e-01 -8.670796e-01 2.518351e+00 
4.317749e-01 -8.670796e-01 2.765511e+00 
4.797499e-01 -8.670796e-01 3.133159e+00 
5.277249e-01 -8.670796e-01 3.672306e+00 
5.756999e-01 -8.670796e-01 4.435344e+00 
6.236749e-01 -8.670796e-01 5.453576e+00 
6.716499e-01 -8.670796e-01 6.680372e+00 
7.196249e-01 -8.670796e-01 7.898167e+00 
7.675999e-01 -8.670796e-01 8.675209e+00 
8.155749e-01 -8.670796e-01 8.563056e+00 
8.635499e-01 -8.670796e-01 7.500832e+00 
9.115249e-01 -8.670796e-01 5.914181e+00 
9.594999e-01 -8.670796e-01 4.328148e+00 

-9.594999e-01 -8.189085e-01 1.132287e+00 
-9.115249e-01 -8.189085e-01 1.121228e+00 
-8.635499e-01 -8.189085e-01 1.081505e+00 
-8.155749e-01 -8.189085e-01 1.023742e+00 
-7.675999e-01 -8.189085e-01 9.578092e-01 
-7.196249e-01 -8.189085e-01 8.914251e-01 
-6.716499e-01 -8.189085e-01 8.298826e-01 
-6.236749e-01 -8.189085e-01 7.764164e-01 
-5.756999e-01 -8.189085e-01 7.327808e-01 
-5.277249e-01 -8.189085e-01 6.997932e-01 
-4.797499e-01 -8.189085e-01 6.777544e-01 
-4.317749e-01 -8.189085e-01 6.667301e-01 
-3.837999e-01 -8.189085e-01 6.667176e-01 
-3.358250e-01 -8.189085e-01 6.777205e-01 
-2.878500e-01 -8.189085e-01 6.997485e-01 
-2.398750e-01 -8.189085e-01 7.327518e-01 
-1.919000e-01 -8.189085e-01 7.764950e-01 
-1.439250e-01 -8.189085e-01 8.303785e-01 
-9.594999e-02 -8.189085e-01 8.932339e-01 
-4.797499e-02 -8.189085e-01 9.631531e-01 
0.000000e+00 -8.189085e-01 1.037455e+00 
4.797499e-02 -8.189085e-01 1.112931e+00 
9.594999e-02 -8.189085e-01 1.186505e+00 
1.439250e-01 -8.189085e-01 1.256327e+00 
1.919000e-01 -8.189085e-01 1.323161e+00 
2.398750e-01 -8.189085e-01 1.391747e+00 
2.878500e-01 -8.189085e-01 1.471860e+00 
3.358250e-01 -8.189085e-01 1.579006e+00 
3.837999e-01 -8.189085e-01 1.735119e+00 
4.317749e-01 -8.189085e-01 1.969776e+00 
4.797499e-01 -8.189085e-01 2.322244e+00 
5.277249e-01 -8.189085e-01 2.843587e+00 
5.756999e-01 -8.189085e-01 3.595195e+00 
6.236749e-01 -8.189085e-01 4.633461e+00 
6.716499e-01 -8.189085e-01 5.959631e+00 
7.196249e-01 -8.189085e-01 7.415644e+00 
7.675999e-01 -8.189085e-01 8.581399e+00 
8.155749e-01 -8.189085e-01 8.893805e+00 
8.635499e-01 -8.189085e-01 8.105811e+00 
9.115249e-01 -8.189085e-01 6.571544e+00 
9.594999e-01 -8.189085e-01 4.895228e+00 

-9.594999e-01 -7.707374e-01 1.343081e+00 
-9.115249e-01 -7.707374e-01 1.311130e+00 
-8.635499e-01 -7.707374e-01 1.243074e+00 
-8.155749e-01 -7.707374e-01 1.154108e+00 
-7.675999e-01 -7.707374e-01 1.057531e+00 
-7.196249e-01 -7.707374e-01 9.630186e-01 
-6.716499e-01 -7.707374e-01 8.765945e-01 
-6.236749e-01 -7.707374e-01 8.014113e-01 
-5.756999e-01 -7.707374e-01 7.386952e-01 
-5.277249e-01 -7.707374e-01 6.885342e-01 
-4.797499e-01 -7.707374e-01 6.504309e-01 
-4.317749e-01 -7.707374e-01 6.236420e-01 
-3.837999e-01 -7.707374e-01 6.073600e-01 
-3.358250e-01 -7.707374e-01 6.007864e-01 
-2.878500e-01 -7.707374e-01 6.031305e-01 
-2.398750e-01 -7.707374e-01 6.135627e-01 
-1.919000e-01 -7.707374e-01 6.311389e-01 
-1.439250e-01 -7.707374e-01 6.547218e-01 
-9.594999e-02 -7.707374e-01 6.829282e-01 
-4.797499e-02 -7.707374e-01 7.141472e-01 
0.000000e+00 -7.707374e-01 7.466831e-01 
4.797499e-02 -7.707374e-01 7.790656e-01 
9.594999e-02 -7.707374e-01 8.105447e-01 
1.439250e-01 -7.707374e-01 8.417271e-01 
1.919000e-01 -7.707374e-01 8.752665e-01 
2.398750e-01 -7.707374e-01 9.165168e-01 
2.878500e-01 -7.707374e-01 9.741373e-01 
3.358250e-01 -7.707374e-01 1.060784e+00 
3.837999e-01 -7.707374e-01 1.194170e+00 
4.317749e-01 -7.707374e-01 1.398845e+00 
4.797499e-01 -7.707374e-01 1.708900e+00 
5.277249e-01 -7.707374e-01 2.171152e+00 
5.756999e-01 -7.707374e-01 2.846265e+00 
6.236749e-01 -7.707374e-01 3.799770e+00 
6.716499e-01 -7.707374e-01 5.064137e+00 
7.196249e-01 -7.707374e-01 6.546429e+00 
7.675999e-01 -7.707374e-01 7.904216e+00 
8.155749e-01 -7.707374e-01 8.574176e+00 
8.635499e-01 -7.707374e-01 8.165923e+00 
9.115249e-01 -7.707374e-01 6.871204e+00 
9.594999e-01 -7.707374e-01 5.266440e+00 

-9.594999e-01 -7.225663e-01 1.622822e+00 
-9.115249e-01 -7.225663e-01 1.556347e+00 
-8.635499e-01 -7.225663e-01 1.444715e+00 
-8.155749e-01 -7.225663e-01 1.310372e+00 
-7.675999e-01 -7.225663e-01 1.171498e+00 
-7.196249e-01 -7.225663e-01 1.040107e+00 
-6.716499e-01 -7.225663e-01 9.227067e-01 
-6.236749e-01 -7.225663e-01 8.218826e-01 
-5.756999e-01 -7.225663e-01 7.378452e-01 
-5.277249e-01 -7.225663e-01 6.695657e-01 
-4.797499e-01 -7.225663e-01 6.154929e-01 
-4.317749e-01 -7.225663e-01 5.739496e-01 
-3.837999e-01 -7.225663e-01 5.433201e-01 
-3.358250e-01 -7.225663e-01 5.221127e-01 
-2.878500e-01 -7.225663e-01 5.089537e-01 
-2.398750e-01 -7.225663e-01 5.025477e-01 
-1.919000e-01 -7.225663e-01 5.016327e-01 
-1.439250e-01 -7.225663e-01 5.049483e-01 
-9.594999e-02 -7.225663e-01 5.112436e-01 
-4.797499e-02 -7.225663e-01 5.193430e-01 
0.000000e+00 -7.225663e-01 5.282928e-01 
4.797499e-02 -7.225663e-01 5.375918e-01 
9.594999e-02 -7.225663e-01 5.474992e-01 
1.439250e-01 -7.225663e-01 5.593885e-01 
1.919000e-01 -7.225663e-01 5.761225e-01 
2.398750e-01 -7.225663e-01 6.024439e-01 
2.878500e-01 -7.225663e-01 6.454387e-01 
3.358250e-01 -7.225663e-01 7.152026e-01 
3.837999e-01 -7.225663e-01 8.259140e-01 
4.317749e-01 -7.225663e-01 9.975505e-01 
4.797499e-01 -7.225663e-01 1.258404e+00 
5.277249e-01 -7.225663e-01 1.648105e+00 
5.756999e-01 -7.225663e-01 2.219374e+00 
6.236749e-01 -7.225663e-01 3.032621e+00 
6.716499e-01 -7.225663e-01 4.129089e+00 
7.196249e-01 -7.225663e-01 5.460641e+00 
7.675999e-01 -7.225663e-01 6.781767e+00 
8.155749e-01 -7.225663e-01 7.627498e+00 
8.635499e-01 -7.225663e-01 7.579243e+00 
9.115249e-01 -7.225663e-01 6.658768e+00 
9.594999e-01 -7.225663e-01 5.304322e+00 

-9.594999e-01 -6.743952e-01 1.989046e+00 
-9.115249e-01 -6.743952e-01 1.866023e+00 
-8.635499e-01 -6.743952e-01 1.688350e+00 
-8.155749e-01 -6.743952e-01 1.489603e+00 
-7.675999e-01 -6.743952e-01 1.294323e+00 
-7.196249e-01 -6.743952e-01 1.116675e+00 
-6.716499e-01 -6.743952e-01 9.627295e-01 
-6.236749e-01 -6.743952e-01 8.334831e-01 
-5.756999e-01 -6.743952e-01 7.272868e-01 
-5.277249e-01 -6.743952e-01 6.413996e-01 
-4.797499e-01 -6.743952e-01 5.728466e-01 
-4.317749e-01 -6.743952e-01 5.188241e-01 
-3.837999e-01 -6.743952e-01 4.768485e-01 
-3.358250e-01 -6.743952e-01 4.447732e-01 
-2.878500e-01 -6.743952e-01 4.207479e-01 
-2.398750e-01 -6.743952e-01 4.031602e-01 
-1.919000e-01 -6.743952e-01 3.905850e-01 
-1.439250e-01 -6.743952e-01 3.817581e-01 
-9.594999e-02 -6.743952e-01 3.755840e-01 
-4.797499e-02 -6.743952e-01 3.711892e-01 
0.000000e+00 -6.743952e-01 3.680230e-01 
4.797499e-02 -6.743952e-01 3.660036e-01 
9.594999e-02 -6.743952e-01 3.657010e-01 
1.439250e-01 -6.743952e-01 3.685455e-01 
1.919000e-01 -6.743952e-01 3.770620e-01 
2.398750e-01 -6.743952e-01 3.951513e-01 
2.878500e-01 -6.743952e-01 4.284743e-01 
3.358250e-01 -6.743952e-01 4.850389e-01 
3.837999e-01 -6.743952e-01 5.761251e-01 
4.317749e-01 -6.743952e-01 7.176998e-01 
4.797499e-01 -6.743952e-01 9.324030e-01 
5.277249e-01 -6.743952e-01 1.251846e+00 
5.756999e-01 -6.743952e-01 1.717869e+00 
6.236749e-01 -6.743952e-01 2.378556e+00 
6.716499e-01 -6.743952e-01 3.269186e+00 
7.196249e-01 -6.743952e-01 4.363343e+00 
7.675999e-01 -6.743952e-01 5.495852e+00 
8.155749e-01 -6.743952e-01 6.331698e+00 
8.635499e-01 -6.743952e-01 6.519858e+00 
9.115249e-01 -6.743952e-01 5.981720e+00 
9.594999e-01 -6.743952e-01 4.981213e+00 

-9.594999e-01 -6.262241e-01 2.458265e+00 
-9.115249e-01 -6.262241e-01 2.244440e+00 
-8.635499e-01 -6.262241e-01 1.969492e+00 
-8.155749e-01 -6.262241e-01 1.682897e+00 
-7.675999e-01 -6.262241e-01 1.416141e+00 
-7.196249e-01 -6.262241e-01 1.183955e+00 
-6.716499e-01 -6.262241e-01 9.899087e-01 
-6.236749e-01 -6.262241e-01 8.316772e-01 
-5.756999e-01 -6.262241e-01 7.045461e-01 
-5.277249e-01 -6.262241e-01 6.033159e-01 
-4.797499e-01 -6.262241e-01 5.231709e-01 
-4.317749e-01 -6.262241e-01 4.599797e-01 
-3.837999e-01 -6.262241e-01 4.103227e-01 
-3.358250e-01 -6.262241e-01 3.714084e-01 
-2.878500e-01 -6.262241e-01 3.409591e-01 
-2.398750e-01 -6.262241e-01 3.171051e-01 
-1.919000e-01 -6.262241e-01 2.983020e-01 
-1.439250e-01 -6.262241e-01 2.832817e-01 
-9.594999e-02 -6.262241e-01 2.710378e-01 
-4.797499e-02 -6.262241e-01 2.608481e-01 
0.000000e+00 -6.262241e-01 2.523301e-01 
4.797499e-02 -6.262241e-01 2.455275e-01 
9.594999e-02 -6.262241e-01 2.410208e-01 
1.439250e-01 -6.262241e-01 2.400618e-01 
1.919000e-01 -6.262241e-01 2.447383e-01 
2.398750e-01 -6.262241e-01 2.581934e-01 
2.878500e-01 -6.262241e-01 2.849426e-01 
3.358250e-01 -6.262241e-01 3.313552e-01 
3.837999e-01 -6.262241e-01 4.063872e-01 
4.317749e-01 -6.262241e-01 5.226474e-01 
4.797499e-01 -6.262241e-01 6.978063e-01 
5.277249e-01 -6.262241e-01 9.560740e-01 
5.756999e-01 -6.262241e-01 1.328668e+00 
6.236749e-01 -6.262241e-01 1.850299e+00 
6.716499e-01 -6.262241e-01 2.545392e+00 
7.196249e-01 -6.262241e-01 3.395646e+00 
7.675999e-01 -6.262241e-01 4.291350e+00 
8.155749e-01 -6.262241e-01 5.009368e+00 
8.635499e-01 -6.262241e-01 5.297111e+00 
9.115249e-01 -6.262241e-01 5.050381e+00 
9.594999e-01 -6.262241e-01 4.396762e+00 

-9.594999e-01 -5.780530e-01 3.037209e+00 
-9.115249e-01 -5.780530e-01 2.683103e+00 
-8.635499e-01 -5.780530e-01 2.271886e+00 
-8.155749e-01 -5.780530e-01 1.872803e+00 
-7.675999e-01 -5.780530e-01 1.522078e+00 
-7.196249e-01 -5.780530e-01 1.231001e+00 
-6.716499e-01 -5.780530e-01 9.971746e-01 
-6.236749e-01 -5.780530e-01 8.126322e-01 
-5.756999e-01 -5.780530e-01 6.682501e-01 
-5.277249e-01 -5.780530e-01 5.556791e-01 
-4.797499e-01 -5.780530e-01 4.679550e-01 
-4.317749e-01 -5.780530e-01 3.995170e-01 
-3.837999e-01 -5.780530e-01 3.460105e-01 
-3.358250e-01 -5.780530e-01 3.040437e-01 
-2.878500e-01 -5.780530e-01 2.709681e-01 
-2.398750e-01 -5.780530e-01 2.447024e-01 
-1.919000e-01 -5.780530e-01 2.236051e-01 
-1.439250e-01 -5.780530e-01 2.063924e-01 
-9.594999e-02 -5.780530e-01 1.920954e-01 
-4.797499e-02 -5.780530e-01 1.800530e-01 
0.000000e+00 -5.780530e-01 1.699345e-01 
4.797499e-02 -5.780530e-01 1.617867e-01 
9.594999e-02 -5.780530e-01 1.561037e-01 
1.439250e-01 -5.780530e-01 1.539201e-01 
1.919000e-01 -5.780530e-01 1.569347e-01 
2.398750e-01 -5.780530e-01 1.676849e-01 
2.878500e-01 -5.780530e-01 1.898008e-01 
3.358250e-01 -5.780530e-01 2.283834e-01 
3.837999e-01 -5.780530e-01 2.905539e-01 
4.317749e-01 -5.780530e-01 3.862087e-01 
4.797499e-01 -5.780530e-01 5.289337e-01 
5.277249e-01 -5.780530e-01 7.367998e-01 
5.756999e-01 -5.780530e-01 1.032179e+00 
6.236749e-01 -5.780530e-01 1.438528e+00 
6.716499e-01 -5.780530e-01 1.970361e+00 
7.196249e-01 -5.780530e-01 2.612331e+00 
7.675999e-01 -5.780530e-01 3.290692e+00 
8.155749e-01 -5.780530e-01 3.861791e+00 
8.635499e-01 -5.780530e-01 4.158408e+00 
9.115249e-01 -5.780530e-01 4.090147e+00 
9.594999e-01 -5.780530e-01 3.706163e+00 

-9.594999e-01 -5.298820e-01 3.706163e+00 
-9.115249e-01 -5.298820e-01 3.149557e+00 
-8.635499e-01 -5.298820e-01 2.562505e+00 
-8.155749e-01 -5.298820e-01 2.032671e+00 
-7.675999e-01 -5.298820e-01 1.593690e+00 
-7.196249e-01 -5.298820e-01 1.246629e+00 
-6.716499e-01 -5.298820e-01 9.787887e-01 
-6.236749e-01 -5.298820e-01 7.743026e-01 
-5.756999e-01 -5.298820e-01 6.186634e-01 
-5.277249e-01 -5.298820e-01 5.000575e-01 
-4.797499e-01 -5.298820e-01 4.093572e-01 
-4.317749e-01 -5.298820e-01 3.396733e-01 
-3.837999e-01 -5.298820e-01 2.858459e-01 
-3.358250e-01 -5.298820e-01 2.440053e-01 
-2.878500e-01 -5.298820e-01 2.112297e-01 
-2.398750e-01 -5.298820e-01 1.852965e-01 
-1.919000e-01 -5.298820e-01 1.645070e-01 
-1.439250e-01 -5.298820e-01 1.475731e-01 
-9.594999e-02 -5.298820e-01 1.335495e-01 
-4.797499e-02 -5.298820e-01 1.218045e-01 
0.000000e+00 -5.298820e-01 1.120186e-01 
4.797499e-02 -5.298820e-01 1.042087e-01 
9.594999e-02 -5.298820e-01 9.877260e-02 
1.439250e-01 -5.298820e-01 9.655614e-02 
1.919000e-01 -5.298820e-01 9.894909e-02 
2.398750e-01 -5.298820e-01 1.080231e-01 
2.878500e-01 -5.298820e-01 1.267312e-01 
3.358250e-01 -5.298820e-01 1.591953e-01 
3.837999e-01 -5.298820e-01 2.111022e-01 
4.317749e-01 -5.298820e-01 2.902110e-01 
4.797499e-01 -5.298820e-01 4.068943e-01 
5.277249e-01 -5.298820e-01 5.744523e-01 
5.756999e-01 -5.298820e-01 8.085330e-01 
6.236749e-01 -5.298820e-01 1.124289e+00 
6.716499e-01 -5.298820e-01 1.529142e+00 
7.196249e-01 -5.298820e-01 2.009535e+00 
7.675999e-01 -5.298820e-01 2.514955e+00 
8.155749e-01 -5.298820e-01 2.953346e+00 
8.635499e-01 -5.298820e-01 3.217756e+00 
9.115249e-01 -5.298820e-01 3.241387e+00 
9.594999e-01 -5.298820e-01 3.037209e+00 

-9.594999e-01 -4.817109e-01 4.396762e+00 
-9.115249e-01 -4.817109e-01 3.578544e+00 
-8.635499e-01 -4.817109e-01 2.791899e+00 
-8.155749e-01 -4.817109e-01 2.130752e+00 
-7.675999e-01 -4.817109e-01 1.613323e+00 
-7.196249e-01 -4.817109e-01 1.222648e+00 
-6.716499e-01 -4.817109e-01 9.322517e-01 
-6.236749e-01 -4.817109e-01 7.173038e-01 
-5.756999e-01 -4.817109e-01 5.578899e-01 
-5.277249e-01 -4.817109e-01 4.390598e-01 
-4.797499e-01 -4.817109e-01 3.499053e-01 
-4.317749e-01 -4.817109e-01 2.825431e-01 
-3.837999e-01 -4.817109e-01 2.312709e-01 
-3.358250e-01 -4.817109e-01 1.919349e-01 
-2.878500e-01 -4.817109e-01 1.614791e-01 
-2.398750e-01 -4.817109e-01 1.376328e-01 
-1.919000e-01 -4.817109e-01 1.186991e-01 
-1.439250e-01 -4.817109e-01 1.034170e-01 
-9.594999e-02 -4.817109e-01 9.087755e-02 
-4.797499e-02 -4.817109e-01 8.047848e-02 
0.000000e+00 -4.817109e-01 7.190965e-02 
4.797499e-02 -4.817109e-01 6.516157e-02 
9.594999e-02 -4.817109e-01 6.055448e-02 
1.439250e-01 -4.817109e-01 5.878822e-02 
1.919000e-01 -4.817109e-01 6.101705e-02 
2.398750e-01 -4.817109e-01 6.895814e-02 
2.878500e-01 -4.817109e-01 8.504589e-02 
3.358250e-01 -4.817109e-01 1.126450e-01 
3.837999e-01 -4.817109e-01 1.563282e-01 
4.317749e-01 -4.817109e-01 2.221995e-01 
4.797499e-01 -4.817109e-01 3.181762e-01 
5.277249e-01 -4.817109e-01 4.540015e-01 
5.756999e-01 -4.817109e-01 6.404904e-01 
6.236749e-01 -4.817109e-01 8.871311e-01 
6.716499e-01 -4.817109e-01 1.196920e+00 
7.196249e-01 -4.817109e-01 1.558059e+00 
7.675999e-01 -4.817109e-01 1.935266e+00 
8.155749e-01 -4.817109e-01 2.268769e+00 
8.635499e-01 -4.817109e-01 2.490352e+00 
9.115249e-01 -4.817109e-01 2.553804e+00 
9.594999e-01 -4.817109e-01 2.458265e+00 

-9.594999e-01 -4.335398e-01 4.981213e+00 
-9.115249e-01 -4.335398e-01 3.878741e+00 
-8.635499e-01 -4.335398e-01 2.906192e+00 
-8.155749e-01 -4.335398e-01 2.140339e+00 
-7.675999e-01 -4.335398e-01 1.570541e+00 
-7.196249e-01 -4.335398e-01 1.157164e+00 
-6.716499e-01 -4.335398e-01 8.596080e-01 
-6.236749e-01 -4.335398e-01 6.451212e-01 
-5.756999e-01 -4.335398e-01 4.895892e-01 
-5.277249e-01 -4.335398e-01 3.759129e-01 
-4.797499e-01 -4.335398e-01 2.921238e-01 
-4.317749e-01 -4.335398e-01 2.298445e-01 
-3.837999e-01 -4.335398e-01 1.831688e-01 
-3.358250e-01 -4.335398e-01 1.478864e-01 
-2.878500e-01 -4.335398e-01 1.209576e-01 
-2.398750e-01 -4.335398e-01 1.001619e-01 
-1.919000e-01 -4.335398e-01 8.386622e-02 
-1.439250e-01 -4.335398e-01 7.087443e-02 
-9.594999e-02 -4.335398e-01 6.033475e-02 
-4.797499e-02 -4.335398e-01 5.168722e-02 
0.000000e+00 -4.335398e-01 4.464093e-02 
4.797499e-02 -4.335398e-01 3.917398e-02 
9.594999e-02 -4.335398e-01 3.555262e-02 
1.439250e-01 -4.335398e-01 3.436902e-02 
1.919000e-01 -4.335398e-01 3.660011e-02 
2.398750e-01 -4.335398e-01 4.369273e-02 
2.878500e-01 -4.335398e-01 5.768169e-02 
3.358250e-01 -4.335398e-01 8.134553e-02 
3.837999e-01 -4.335398e-01 1.183959e-01 
4.317749e-01 -4.335398e-01 1.736710e-01 
4.797499e-01 -4.335398e-01 2.532490e-01 
5.277249e-01 -4.335398e-01 3.642918e-01 
5.756999e-01 -4.335398e-01 5.142620e-01 
6.236749e-01 -4.335398e-01 7.089697e-01 
6.716499e-01 -4.335398e-01 9.489129e-01 
7.196249e-01 -4.335398e-01 1.224081e+00 
7.675999e-01 -4.335398e-01 1.509321e+00 
8.155749e-01 -4.335398e-01 1.764893e+00 
8.635499e-01 -4.335398e-01 1.946555e+00 
9.115249e-01 -4.335398e-01 2.022922e+00 
9.594999e-01 -4.335398e-01 1.989046e+00 

-9.594999e-01 -3.853687e-01 5.304322e+00 
-9.115249e-01 -3.853687e-01 3.966638e+00 
-8.635499e-01 -3.853687e-01 2.870418e+00 
-8.155749e-01 -3.853687e-01 2.052208e+00 
-7.675999e-01 -3.853687e-01 1.467419e+00 
-7.196249e-01 -3.853687e-01 1.056124e+00 
-6.716499e-01 -3.853687e-01 7.673362e-01 
-6.236749e-01 -3.853687e-01 5.634536e-01 
-5.756999e-01 -3.853687e-01 4.182754e-01 
-5.277249e-01 -3.853687e-01 3.139149e-01 
-4.797499e-01 -3.853687e-01 2.381968e-01 
-4.317749e-01 -3.853687e-01 1.827815e-01 
-3.837999e-01 -3.853687e-01 1.418915e-01 
-3.358250e-01 -3.853687e-01 1.114687e-01 
-2.878500e-01 -3.853687e-01 8.862075e-02 
-2.398750e-01 -3.853687e-01 7.125996e-02 
-1.919000e-01 -3.853687e-01 5.786758e-02 
-1.439250e-01 -3.853687e-01 4.734314e-02 
-9.594999e-02 -3.853687e-01 3.891063e-02 
-4.797499e-02 -3.853687e-01 3.206438e-02 
0.000000e+00 -3.853687e-01 2.654324e-02 
4.797499e-02 -3.853687e-01 2.232607e-02 
9.594999e-02 -3.853687e-01 1.964477e-02 
1.439250e-01 -3.853687e-01 1.901356e-02 
1.919000e-01 -3.853687e-01 2.127580e-02 
2.398750e-01 -3.853687e-01 2.767100e-02 
2.878500e-01 -3.853687e-01 3.992487e-02 
3.358250e-01 -3.853687e-01 6.036214e-02 
3.837999e-01 -3.853687e-01 9.203220e-02 
4.317749e-01 -3.853687e-01 1.388149e-01 
4.797499e-01 -3.853687e-01 2.054300e-01 
5.277249e-01 -3.853687e-01 2.972000e-01 
5.756999e-01 -3.853687e-01 4.193143e-01 
6.236749e-01 -3.853687e-01 5.752714e-01 
6.716499e-01 -3.853687e-01 7.642848e-01 
7.196249e-01 -3.853687e-01 9.780062e-01 
7.675999e-01 -3.853687e-01 1.198097e+00 
8.155749e-01 -3.853687e-01 1.397324e+00 
8.635499e-01 -3.853687e-01 1.546164e+00 
9.115249e-01 -3.853687e-01 1.623132e+00 
9.594999e-01 -3.853687e-01 1.622822e+00 

-9.594999e-01 -3.371976e-01 5.266440e+00 
-9.115249e-01 -3.371976e-01 3.814418e+00 
-8.635499e-01 -3.371976e-01 2.689214e+00 
-8.155749e-01 -3.371976e-01 1.880915e+00 
-7.675999e-01 -3.371976e-01 1.318914e+00 
-7.196249e-01 -3.371976e-01 9.318733e-01 
-6.716499e-01 -3.371976e-01 6.647326e-01 
-6.236749e-01 -3.371976e-01 4.789331e-01 
-5.756999e-01 -3.371976e-01 3.484596e-01 
-5.277249e-01 -3.371976e-01 2.559427e-01 
-4.797499e-01 -3.371976e-01 1.897511e-01 
-4.317749e-01 -3.371976e-01 1.420191e-01 
-3.837999e-01 -3.371976e-01 1.073539e-01 
-3.358250e-01 -3.371976e-01 8.200184e-02 
-2.878500e-01 -3.371976e-01 6.330893e-02 
-2.398750e-01 -3.371976e-01 4.937397e-02 
-1.919000e-01 -3.371976e-01 3.882439e-02 
-1.439250e-01 -3.371976e-01 3.067335e-02 
-9.594999e-02 -3.371976e-01 2.423100e-02 
-4.797499e-02 -3.371976e-01 1.905280e-02 
0.000000e+00 -3.371976e-01 1.491385e-02 
4.797499e-02 -3.371976e-01 1.180281e-02 
9.594999e-02 -3.371976e-01 9.931236e-03 
1.439250e-01 -3.371976e-01 9.757161e-03 
1.919000e-01 -3.371976e-01 1.202293e-02 
2.398750e-01 -3.371976e-01 1.780841e-02 
2.878500e-01 -3.371976e-01 2.859996e-02 
3.358250e-01 -3.371976e-01 4.637190e-02 
3.837999e-01 -3.371976e-01 7.366749e-02 
4.317749e-01 -3.371976e-01 1.136474e-01 
4.797499e-01 -3.371976e-01 1.700394e-01 
5.277249e-01 -3.371976e-01 2.468709e-01 
5.756999e-01 -3.371976e-01 3.478123e-01 
6.236749e-01 -3.371976e-01 4.749425e-01 
6.716499e-01 -3.371976e-01 6.268909e-01 
7.196249e-01 -3.371976e-01 7.967385e-01 
7.675999e-01 -3.371976e-01 9.707710e-01 
8.155749e-01 -3.371976e-01 1.129668e+00 
8.635499e-01 -3.371976e-01 1.253007e+00 
9.115249e-01 -3.371976e-01 1.325730e+00 
9.594999e-01 -3.371976e-01 1.343081e+00 

-9.594999e-01 -2.890265e-01 4.895228e+00 
-9.115249e-01 -2.890265e-01 3.471031e+00 
-8.635499e-01 -2.890265e-01 2.406759e+00 
-8.155749e-01 -2.890265e-01 1.659350e+00 
-7.675999e-01 -2.890265e-01 1.147667e+00 
-7.196249e-01 -2.890265e-01 7.994443e-01 
-6.716499e-01 -2.890265e-01 5.615691e-01 
-6.236749e-01 -2.890265e-01 3.977710e-01 
-5.756999e-01 -2.890265e-01 2.839428e-01 
-5.277249e-01 -2.890265e-01 2.041481e-01 
-4.797499e-01 -2.890265e-01 1.477921e-01 
-4.317749e-01 -2.890265e-01 1.077504e-01 
-3.837999e-01 -2.890265e-01 7.916275e-02 
-3.358250e-01 -2.890265e-01 5.866042e-02 
-2.878500e-01 -2.890265e-01 4.387219e-02 
-2.398750e-01 -2.890265e-01 3.310674e-02 
-1.919000e-01 -2.890265e-01 2.514901e-02 
-1.439250e-01 -2.890265e-01 1.913060e-02 
-9.594999e-02 -2.890265e-01 1.444942e-02 
-4.797499e-02 -2.890265e-01 1.072280e-02 
0.000000e+00 -2.890265e-01 7.764045e-03 
4.797499e-02 -2.890265e-01 5.576248e-03 
9.594999e-02 -2.890265e-01 4.359892e-03 
1.439250e-01 -2.890265e-01 4.532451e-03 
1.919000e-01 -2.890265e-01 6.759689e-03 
2.398750e-01 -2.890265e-01 1.199862e-02 
2.878500e-01 -2.890265e-01 2.155101e-02 
3.358250e-01 -2.890265e-01 3.712230e-02 
3.837999e-01 -2.890265e-01 6.087228e-02 
4.317749e-01 -2.890265e-01 9.542715e-02 
4.797499e-01 -2.890265e-01 1.437967e-01 
5.277249e-01 -2.890265e-01 2.091058e-01 
5.756999e-01 -2.890265e-01 2.940191e-01 
6.236749e-01 -2.890265e-01 3.997589e-01 
6.716499e-01 -2.890265e-01 5.247465e-01 
7.196249e-01 -2.890265e-01 6.632235e-01 
7.675999e-01 -2.890265e-01 8.046348e-01 
8.155749e-01 -2.890265e-01 9.347420e-01 
8.635499e-01 -2.890265e-01 1.038831e+00 
9.115249e-01 -2.890265e-01 1.105987e+00 
9.594999e-01 -2.890265e-01 1.132287e+00 

-9.594999e-01 -2.408554e-01 4.328148e+00 
-9.115249e-01 -2.408554e-01 3.033815e+00 
-8.635499e-01 -2.408554e-01 2.085124e+00 
-8.155749e-01 -2.408554e-01 1.425460e+00 
-7.675999e-01 -2.408554e-01 9.765831e-01 
-7.196249e-01 -2.408554e-01 6.726302e-01 
-6.716499e-01 -2.408554e-01 4.661105e-01 
-6.236749e-01 -2.408554e-01 3.248287e-01 
-5.756999e-01 -2.408554e-01 2.274481e-01 
-5.277249e-01 -2.408554e-01 1.598808e-01 
-4.797499e-01 -2.408554e-01 1.127676e-01 
-4.317749e-01 -2.408554e-01 7.981917e-02 
-3.837999e-01 -2.408554e-01 5.674871e-02 
-3.358250e-01 -2.408554e-01 4.058863e-02 
-2.878500e-01 -2.408554e-01 2.925325e-02 
-2.398750e-01 -2.408554e-01 2.125817e-02 
-1.919000e-01 -2.408554e-01 1.554025e-02 
-1.439250e-01 -2.408554e-01 1.134328e-02 
-9.594999e-02 -2.408554e-01 8.147283e-03 
-4.797499e-02 -2.408554e-01 5.627251e-03 
0.000000e+00 -2.408554e-01 3.632779e-03 
4.797499e-02 -2.408554e-01 2.182816e-03 
9.594999e-02 -2.408554e-01 1.472412e-03 
1.439250e-01 -2.408554e-01 1.889765e-03 
1.919000e-01 -2.408554e-01 4.042826e-03 
2.398750e-01 -2.408554e-01 8.794805e-03 
2.878500e-01 -2.408554e-01 1.730650e-02 
3.358250e-01 -2.408554e-01 3.107954e-02 
3.837999e-01 -2.408554e-01 5.198666e-02 
4.317749e-01 -2.408554e-01 8.226155e-02 
4.797499e-01 -2.408554e-01 1.244004e-01 
5.277249e-01 -2.408554e-01 1.809040e-01 
5.756999e-01 -2.408554e-01 2.537771e-01 
6.236749e-01 -2.408554e-01 3.437320e-01 
6.716499e-01 -2.408554e-01 4.491673e-01 
7.196249e-01 -2.408554e-01 5.652280e-01 
7.675999e-01 -2.408554e-01 6.835247e-01 
8.155749e-01 -2.408554e-01 7.931259e-01 
8.635499e-01 -2.408554e-01 8.829483e-01 
9.115249e-01 -2.408554e-01 9.447565e-01 
9.594999e-01 -2.408554e-01 9.753501e-01 

-9.594999e-01 -1.926843e-01 3.725650e+00 
-9.115249e-01 -1.926843e-01 2.598895e+00 
-8.635499e-01 -1.926843e-01 1.779335e+00 
-8.155749e-01 -1.926843e-01 1.210439e+00 
-7.675999e-01 -1.926843e-01 8.234266e-01 
-7.196249e-01 -1.926843e-01 5.615981e-01 
-6.716499e-01 -1.926843e-01 3.841429e-01 
-6.236749e-01 -1.926843e-01 2.633026e-01 
-5.756999e-01 -1.926843e-01 1.806012e-01 
-5.277249e-01 -1.926843e-01 1.237907e-01 
-4.797499e-01 -1.926843e-01 8.470830e-02 
-4.317749e-01 -1.926843e-01 5.785623e-02 
-3.837999e-01 -1.926843e-01 3.948139e-02 
-3.358250e-01 -1.926843e-01 2.698376e-02 
-2.878500e-01 -1.926843e-01 1.853589e-02 
-2.398750e-01 -1.926843e-01 1.283821e-02 
-1.919000e-01 -1.926843e-01 8.961757e-03 
-1.439250e-01 -1.926843e-01 6.248510e-03 
-9.594999e-02 -1.926843e-01 4.249736e-03 
-4.797499e-02 -1.926843e-01 2.690444e-03 
0.000000e+00 -1.926843e-01 1.452053e-03 
4.797499e-02 -1.926843e-01 5.684426e-04 
9.594999e-02 -1.926843e-01 2.324794e-04 
1.439250e-01 -1.926843e-01 8.113997e-04 
1.919000e-01 -1.926843e-01 2.870145e-03 
2.398750e-01 -1.926843e-01 7.201567e-03 
2.878500e-01 -1.926843e-01 1.486092e-02 
3.358250e-01 -1.926843e-01 2.719836e-02 
3.837999e-01 -1.926843e-01 4.587598e-02 
4.317749e-01 -1.926843e-01 7.284438e-02 
4.797499e-01 -1.926843e-01 1.102379e-01 
5.277249e-01 -1.926843e-01 1.601317e-01 
5.756999e-01 -1.926843e-01 2.241011e-01 
6.236749e-01 -1.926843e-01 3.025597e-01 
6.716499e-01 -1.926843e-01 3.939614e-01 
7.196249e-01 -1.926843e-01 4.941293e-01 
7.675999e-01 -1.926843e-01 5.961530e-01 
8.155749e-01 -1.926843e-01 6.912657e-01 
8.635499e-01 -1.926843e-01 7.707151e-01 
9.115249e-01 -1.926843e-01 8.280013e-01 
9.594999e-01 -1.926843e-01 8.604742e-01 

-9.594999e-01 -1.445133e-01 3.202620e+00 
-9.115249e-01 -1.445133e-01 2.230846e+00 
-8.635499e-01 -1.445133e-01 1.524990e+00 
-8.155749e-01 -1.445133e-01 1.033955e+00 
-7.675999e-01 -1.445133e-01 6.991480e-01 
-7.196249e-01 -1.445133e-01 4.724481e-01 
-6.716499e-01 -1.445133e-01 3.190010e-01 
-6.236749e-01 -1.445133e-01 2.149085e-01 
-5.756999e-01 -1.445133e-01 1.441462e-01 
-5.277249e-01 -1.445133e-01 9.602627e-02 
-4.797499e-01 -1.445133e-01 6.339180e-02 
-4.317749e-01 -1.445133e-01 4.140557e-02 
-3.837999e-01 -1.445133e-01 2.675731e-02 
-3.358250e-01 -1.445133e-01 1.715011e-02 
-2.878500e-01 -1.445133e-01 1.096833e-02 
-2.398750e-01 -1.445133e-01 7.063107e-03 
-1.919000e-01 -1.445133e-01 4.614387e-03 
-1.439250e-01 -1.445133e-01 3.043371e-03 
-9.594999e-02 -1.445133e-01 1.958655e-03 
-4.797499e-02 -1.445133e-01 1.125427e-03 
0.000000e+00 -1.445133e-01 4.508654e-04 
4.797499e-02 -1.445133e-01 -1.855608e-05 
9.594999e-02 -1.445133e-01 -9.047973e-05 
1.439250e-01 -1.445133e-01 5.876938e-04 
1.919000e-01 -1.445133e-01 2.549923e-03 
2.398750e-01 -1.445133e-01 6.538099e-03 
2.878500e-01 -1.445133e-01 1.353123e-02 
3.358250e-01 -1.445133e-01 2.477079e-02 
3.837999e-01 -1.445133e-01 4.176942e-02 
4.317749e-01 -1.445133e-01 6.627990e-02 
4.797499e-01 -1.445133e-01 1.001888e-01 
5.277249e-01 -1.445133e-01 1.452875e-01 
5.756999e-01 -1.445133e-01 2.028772e-01 
6.236749e-01 -1.445133e-01 2.732002e-01 
6.716499e-01 -1.445133e-01 3.547866e-01 
7.196249e-01 -1.445133e-01 4.439463e-01 
7.675999e-01 -1.445133e-01 5.347612e-01 
8.155749e-01 -1.445133e-01 6.198691e-01 
8.635499e-01 -1.445133e-01 6.920062e-01 
9.115249e-01 -1.445133e-01 7.457862e-01 
9.594999e-01 -1.445133e-01 7.789488e-01 

-9.594999e-01 -9.634217e-02 2.815690e+00 
-9.115249e-01 -9.634217e-02 1.960772e+00 
-8.635499e-01 -9.634217e-02 1.339199e+00 
-8.155749e-01 -9.634217e-02 9.054975e-01 
-7.675999e-01 -9.634217e-02 6.090193e-01 
-7.196249e-01 -9.634217e-02 4.080638e-01 
-6.716499e-01 -9.634217e-02 2.721813e-01 
-6.236749e-01 -9.634217e-02 1.803186e-01 
-5.756999e-01 -9.634217e-02 1.182556e-01 
-5.277249e-01 -9.634217e-02 7.645252e-02 
-4.797499e-01 -9.634217e-02 4.849240e-02 
-4.317749e-01 -9.634217e-02 3.002360e-02 
-3.837999e-01 -9.634217e-02 1.806107e-02 
-3.358250e-01 -9.634217e-02 1.053027e-02 
-2.878500e-01 -9.634217e-02 5.970705e-03 
-2.398750e-01 -9.634217e-02 3.343719e-03 
-1.919000e-01 -9.634217e-02 1.908705e-03 
-1.439250e-01 -9.634217e-02 1.144548e-03 
-9.594999e-02 -9.634217e-02 7.015027e-04 
-4.797499e-02 -9.634217e-02 3.739518e-04 
0.000000e+00 -9.634217e-02 8.787804e-05 
4.797499e-02 -9.634217e-02 -1.008250e-04 
9.594999e-02 -9.634217e-02 3.958721e-07 
1.439250e-01 -9.634217e-02 7.345045e-04 
1.919000e-01 -9.634217e-02 2.614582e-03 
2.398750e-01 -9.634217e-02 6.348064e-03 
2.878500e-01 -9.634217e-02 1.286252e-02 
3.358250e-01 -9.634217e-02 2.332659e-02 
3.837999e-01 -9.634217e-02 3.915355e-02 
4.317749e-01 -9.634217e-02 6.196631e-02 
4.797499e-01 -9.634217e-02 9.349126e-02 
5.277249e-01 -9.634217e-02 1.353405e-01 
5.756999e-01 -9.634217e-02 1.886480e-01 
6.236749e-01 -9.634217e-02 2.535615e-01 
6.716499e-01 -9.634217e-02 3.286783e-01 
7.196249e-01 -9.634217e-02 4.106347e-01 
7.675999e-01 -9.634217e-02 4.941449e-01 
8.155749e-01 -9.634217e-02 5.727216e-01 
8.635499e-01 -9.634217e-02 6.400161e-01 
9.115249e-01 -9.634217e-02 6.913289e-01 
9.594999e-01 -9.634217e-02 7.246545e-01 

-9.594999e-01 -4.817109e-02 2.582754e+00 
-9.115249e-01 -4.817109e-02 1.798383e+00 
-8.635499e-01 -4.817109e-02 1.227453e+00 
-8.155749e-01 -4.817109e-02 8.282118e-01 
-7.675999e-01 -4.817109e-02 5.548115e-01 
-7.196249e-01 -4.817109e-02 3.693830e-01 
-6.716499e-01 -4.817109e-02 2.441067e-01 
-6.236749e-01 -4.817109e-02 1.596330e-01 
-5.756999e-01 -4.817109e-02 1.028261e-01 
-5.277249e-01 -4.817109e-02 6.483801e-02 
-4.797499e-01 -4.817109e-02 3.969855e-02 
-4.317749e-01 -4.817109e-02 2.334984e-02 
-3.837999e-01 -4.817109e-02 1.300380e-02 
-3.358250e-01 -4.817109e-02 6.720639e-03 
-2.878500e-01 -4.817109e-02 3.133881e-03 
-2.398750e-01 -4.817109e-02 1.271667e-03 
-1.919000e-01 -4.817109e-02 4.414993e-04 
-1.439250e-01 -4.817109e-02 1.571717e-04 
-9.594999e-02 -4.817109e-02 9.413585e-05 
-4.797499e-02 -4.817109e-02 6.443178e-05 
0.000000e+00 -4.817109e-02 5.448742e-06 
4.797499e-02 -4.817109e-02 -2.112489e-05 
9.594999e-02 -4.817109e-02 1.775835e-04 
1.439250e-01 -4.817109e-02 9.390663e-04 
1.919000e-01 -4.817109e-02 2.764362e-03 
2.398750e-01 -4.817109e-02 6.340994e-03 
2.878500e-01 -4.817109e-02 1.256687e-02 
3.358250e-01 -4.817109e-02 2.256876e-02 
3.837999e-01 -4.817109e-02 3.770326e-02 
4.317749e-01 -4.817109e-02 5.951975e-02 
4.797499e-01 -4.817109e-02 8.965495e-02 
5.277249e-01 -4.817109e-02 1.296222e-01 
5.756999e-01 -4.817109e-02 1.804654e-01 
6.236749e-01 -4.817109e-02 2.422853e-01 
6.716499e-01 -4.817109e-02 3.137241e-01 
7.196249e-01 -4.817109e-02 3.916049e-01 
7.675999e-01 -4.817109e-02 4.709934e-01 
8.155749e-01 -4.817109e-02 5.458806e-01 
8.635499e-01 -4.817109e-02 6.104148e-01 
9.115249e-01 -4.817109e-02 6.602689e-01 
9.594999e-01 -4.817109e-02 6.935812e-01 

-9.594999e-01 0.000000e+00 2.505413e+00 
-9.115249e-01 0.000000e+00 1.744439e+00 
-8.635499e-01 0.000000e+00 1.190293e+00 
-8.155749e-01 0.000000e+00 8.024886e-01 
-7.675999e-01 0.000000e+00 5.367617e-01 
-7.196249e-01 0.000000e+00 3.565043e-01 
-6.716499e-01 0.000000e+00 2.347647e-01 
-6.236749e-01 0.000000e+00 1.527569e-01 
-5.756999e-01 0.000000e+00 9.770497e-02 
-5.277249e-01 0.000000e+00 6.099073e-02 
-4.797499e-01 0.000000e+00 3.679302e-02 
-4.317749e-01 0.000000e+00 2.115192e-02 
-3.837999e-01 0.000000e+00 1.134511e-02 
-3.358250e-01 0.000000e+00 5.477838e-03 
-2.878500e-01 0.000000e+00 2.215077e-03 
-2.398750e-01 0.000000e+00 6.072997e-04 
-1.919000e-01 0.000000e+00 -2.190176e-05 
-1.439250e-01 0.000000e+00 -1.470615e-04 
-9.594999e-02 0.000000e+00 -8.430462e-05 
-4.797499e-02 0.000000e+00 -1.568687e-05 
0.000000e+00 0.000000e+00 0.000000e+00 
4.797499e-02 0.000000e+00 2.639715e-05 
9.594999e-02 0.000000e+00 2.565154e-04 
1.439250e-01 0.000000e+00 1.026073e-03 
1.919000e-01 0.000000e+00 2.832175e-03 
2.398750e-01 0.000000e+00 6.355830e-03 
2.878500e-01 0.000000e+00 1.248525e-02 
3.358250e-01 0.000000e+00 2.233357e-02 
3.837999e-01 0.000000e+00 3.723897e-02 
4.317749e-01 0.000000e+00 5.872701e-02 
4.797499e-01 0.000000e+00 8.840559e-02 
5.277249e-01 0.000000e+00 1.277564e-01 
5.756999e-01 0.000000e+00 1.777952e-01 
6.236749e-01 0.000000e+00 2.386086e-01 
6.716499e-01 0.000000e+00 3.088542e-01 
7.196249e-01 0.000000e+00 3.854158e-01 
7.675999e-01 0.000000e+00 4.634720e-01 
8.155749e-01 0.000000e+00 5.371661e-01 
8.635499e-01 0.000000e+00 6.008035e-01 
9.115249e-01 0.000000e+00 6.501756e-01 
9.594999e-01 0.000000e+00 6.834667e-01 

-9.594999e-01 4.817109e-02 2.582754e+00 
-9.115249e-01 4.817109e-02 1.798383e+00 
-8.635499e-01 4.817109e-02 1.227453e+00 
-8.155749e-01 4.817109e-02 8.282118e-01 
-7.675999e-01 4.817109e-02 5.548115e-01 
-7.196249e-01 4.817109e-02 3.693830e-01 
-6.716499e-01 4.817109e-02 2.441067e-01 
-6.236749e-01 4.817109e-02 1.596330e-01 
-5.756999e-01 4.817109e-02 1.028261e-01 
-5.277249e-01 4.817109e-02 6.483801e-02 
-4.797499e-01 4.817109e-02 3.969855e-02 
-4.317749e-01 4.817109e-02 2.334984e-02 
-3.837999e-01 4.817109e-02 1.300380e-02 
-3.358250e-01 4.817109e-02 6.720639e-03 
-2.878500e-01 4.817109e-02 3.133881e-03 
-2.398750e-01 4.817109e-02 1.271667e-03 
-1.919000e-01 4.817109e-02 4.414993e-04 
-1.439250e-01 4.817109e-02 1.571717e-04 
-9.594999e-02 4.817109e-02 9.413585e-05 
-4.797499e-02 4.817109e-02 6.443178e-05 
0.000000e+00 4.817109e-02 5.448742e-06 
4.797499e-02 4.817109e-02 -2.112489e-05 
9.594999e-02 4.817109e-02 1.775835e-04 
1.439250e-01 4.817109e-02 9.390663e-04 
1.919000e-01 4.817109e-02 2.764362e-03 
2.398750e-01 4.817109e-02 6.340994e-03 
2.878500e-01 4.817109e-02 1.256687e-02 
3.358250e-01 4.817109e-02 2.256876e-02 
3.837999e-01 4.817109e-02 3.770326e-02 
4.317749e-01 4.817109e-02 5.951975e-02 
4.797499e-01 4.817109e-02 8.965495e-02 
5.277249e-01 4.817109e-02 1.296222e-01 
5.756999e-01 4.817109e-02 1.804654e-01 
6.236749e-01 4.817109e-02 2.422853e-01 
6.716499e-01 4.817109e-02 3.137241e-01 
7.196249e-01 4.817109e-02 3.916049e-01 
7.675999e-01 4.817109e-02 4.709934e-01 
8.155749e-01 4.817109e-02 5.458806e-01 
8.635499e-01 4.817109e-02 6.104148e-01 
9.115249e-01 4.817109e-02 6.602689e-01 
9.594999e-01 4.817109e-02 6.935812e-01 

-9.594999e-01 9.634217e-02 2.815690e+00 
-9.115249e-01 9.634217e-02 1.960772e+00 
-8.635499e-01 9.634217e-02 1.339199e+00 
-8.155749e-01 9.634217e-02 9.054975e-01 
-7.675999e-01 9.634217e-02 6.090193e-01 
-7.196249e-01 9.634217e-02 4.080638e-01 
-6.716499e-01 9.634217e-02 2.721813e-01 
-6.236749e-01 9.634217e-02 1.803186e-01 
-5.756999e-01 9.634217e-02 1.182556e-01 
-5.277249e-01 9.634217e-02 7.645252e-02 
-4.797499e-01 9.634217e-02 4.849240e-02 
-4.317749e-01 9.634217e-02 3.002360e-02 
-3.837999e-01 9.634217e-02 1.806107e-02 
-3.358250e-01 9.634217e-02 1.053027e-02 
-2.878500e-01 9.634217e-02 5.970705e-03 
-2.398750e-01 9.634217e-02 3.343719e-03 
-1.919000e-01 9.634217e-02 1.908705e-03 
-1.439250e-01 9.634217e-02 1.144548e-03 
-9.594999e-02 9.634217e-02 7.015027e-04 
-4.797499e-02 9.634217e-02 3.739518e-04 
0.000000e+00 9.634217e-02 8.787804e-05 
4.797499e-02 9.634217e-02 -1.008250e-04 
9.594999e-02 9.634217e-02 3.958721e-07 
1.439250e-01 9.634217e-02 7.345045e-04 
1.919000e-01 9.634217e-02 2.614582e-03 
2.398750e-01 9.634217e-02 6.348064e-03 
2.878500e-01 9.634217e-02 1.286252e-02 
3.358250e-01 9.634217e-02 2.332659e-02 
3.837999e-01 9.634217e-02 3.915355e-02 
4.317749e-01 9.634217e-02 6.196631e-02 
4.797499e-01 9.634217e-02 9.349126e-02 
5.277249e-01 9.634217e-02 1.353405e-01 
5.756999e-01 9.634217e-02 1.886480e-01 
6.236749e-01 9.634217e-02 2.535615e-01 
6.716499e-01 9.634217e-02 3.286783e-01 
7.196249e-01 9.634217e-02 4.106347e-01 
7.675999e-01 9.634217e-02 4.941449e-01 
8.155749e-01 9.634217e-02 5.727216e-01 
8.635499e-01 9.634217e-02 6.400161e-01 
9.115249e-01 9.634217e-02 6.913289e-01 
9.594999e-01 9.634217e-02 7.246545e-01 

-9.594999e-01 1.445133e-01 3.202620e+00 
-9.115249e-01 1.445133e-01 2.230846e+00 
-8.635499e-01 1.445133e-01 1.524990e+00 
-8.155749e-01 1.445133e-01 1.033955e+00 
-7.675999e-01 1.445133e-01 6.991480e-01 
-7.196249e-01 1.445133e-01 4.724481e-01 
-6.716499e-01 1.445133e-01 3.190010e-01 
-6.236749e-01 1.445133e-01 2.149085e-01 
-5.756999e-01 1.445133e-01 1.441462e-01 
-5.277249e-01 1.445133e-01 9.602627e-02 
-4.797499e-01 1.445133e-01 6.339180e-02 
-4.317749e-01 1.445133e-01 4.140557e-02 
-3.837999e-01 1.445133e-01 2.675731e-02 
-3.358250e-01 1.445133e-01 1.715011e-02 
-2.878500e-01 1.445133e-01 1.096833e-02 
-2.398750e-01 1.445133e-01 7.063107e-03 
-1.919000e-01 1.445133e-01 4.614387e-03 
-1.439250e-01 1.445133e-01 3.043371e-03 
-9.594999e-02 1.445133e-01 1.958655e-03 
-4.797499e-02 1.445133e-01 1.125427e-03 
0.000000e+00 1.445133e-01 4.508654e-04 
4.797499e-02 1.445133e-01 -1.855608e-05 
9.594999e-02 1.445133e-01 -9.047973e-05 
1.439250e-01 1.445133e-01 5.876938e-04 
1.919000e-01 1.445133e-01 2.549923e-03 
2.398750e-01 1.445133e-01 6.538099e-03 
2.878500e-01 1.445133e-01 1.353123e-02 
3.358250e-01 1.445133e-01 2.477079e-02 
3.837999e-01 1.445133e-01 4.176942e-02 
4.317749e-01 1.445133e-01 6.627990e-02 
4.797499e-01 1.445133e-01 1.001888e-01 
5.277249e-01 1.445133e-01 1.452875e-01 
5.756999e-01 1.445133e-01 2.028772e-01 
6.236749e-01 1.445133e-01 2.732002e-01 
6.716499e-01 1.445133e-01 3.547866e-01 
7.196249e-01 1.445133e-01 4.439463e-01 
7.675999e-01 1.445133e-01 5.347612e-01 
8.155749e-01 1.445133e-01 6.198691e-01 
8.635499e-01 1.445133e-01 6.920062e-01 
9.115249e-01 1.445133e-01 7.457862e-01 
9.594999e-01 1.445133e-01 7.789488e-01 

-9.594999e-01 1.926843e-01 3.725650e+00 
-9.115249e-01 1.926843e-01 2.598895e+00 
-8.635499e-01 1.926843e-01 1.779335e+00 
-8.155749e-01 1.926843e-01 1.210439e+00 
-7.675999e-01 1.926843e-01 8.234266e-01 
-7.196249e-01 1.926843e-01 5.615981e-01 
-6.716499e-01 1.926843e-01 3.841429e-01 
-6.236749e-01 1.926843e-01 2.633026e-01 
-5.756999e-01 1.926843e-01 1.806012e-01 
-5.277249e-01 1.926843e-01 1.237907e-01 
-4.797499e-01 1.926843e-01 8.470830e-02 
-4.317749e-01 1.926843e-01 5.785623e-02 
-3.837999e-01 1.926843e-01 3.948139e-02 
-3.358250e-01 1.926843e-01 2.698376e-02 
-2.878500e-01 1.926843e-01 1.853589e-02 
-2.398750e-01 1.926843e-01 1.283821e-02 
-1.919000e-01 1.926843e-01 8.961757e-03 
-1.439250e-01 1.926843e-01 6.248510e-03 
-9.594999e-02 1.926843e-01 4.249736e-03 
-4.797499e-02 1.926843e-01 2.690444e-03 
0.000000e+00 1.926843e-01 1.452053e-03 
4.797499e-02 1.926843e-01 5.684426e-04 
9.594999e-02 1.926843e-01 2.324794e-04 
1.439250e-01 1.926843e-01 8.113997e-04 
1.919000e-01 1.926843e-01 2.870145e-03 
2.398750e-01 1.926843e-01 7.201567e-03 
2.878500e-01 1.926843e-01 1.486092e-02 
3.358250e-01 1.926843e-01 2.719836e-02 
3.837999e-01 1.926843e-01 4.587598e-02 
4.317749e-01 1.926843e-01 7.284438e-02 
4.797499e-01 1.926843e-01 1.102379e-01 
5.277249e-01 1.926843e-01 1.601317e-01 
5.756999e-01 1.926843e-01 2.241011e-01 
6.236749e-01 1.926843e-01 3.025597e-01 
6.716499e-01 1.926843e-01 3.939614e-01 
7.196249e-01 1.926843e-01 4.941293e-01 
7.675999e-01 1.926843e-01 5.961530e-01 
8.155749e-01 1.926843e-01 6.912657e-01 
8.635499e-01 1.926843e-01 7.707151e-01 
9.115249e-01 1.926843e-01 8.280013e-01 
9.594999e-01 1.926843e-01 8.604742e-01 

-9.594999e-01 2.408554e-01 4.328148e+00 
-9.115249e-01 2.408554e-01 3.033815e+00 
-8.635499e-01 2.408554e-01 2.085124e+00 
-8.155749e-01 2.408554e-01 1.425460e+00 
-7.675999e-01 2.408554e-01 9.765831e-01 
-7.196249e-01 2.408554e-01 6.726302e-01 
-6.716499e-01 2.408554e-01 4.661105e-01 
-6.236749e-01 2.408554e-01 3.248287e-01 
-5.756999e-01 2.408554e-01 2.274481e-01 
-5.277249e-01 2.408554e-01 1.598808e-01 
-4.797499e-01 2.408554e-01 1.127676e-01 
-4.317749e-01 2.408554e-01 7.981917e-02 
-3.837999e-01 2.408554e-01 5.674871e-02 
-3.358250e-01 2.408554e-01 4.058863e-02 
-2.878500e-01 2.408554e-01 2.925325e-02 
-2.398750e-01 2.408554e-01 2.125817e-02 
-1.919000e-01 2.408554e-01 1.554025e-02 
-1.439250e-01 2.408554e-01 1.134328e-02 
-9.594999e-02 2.408554e-01 8.147283e-03 
-4.797499e-02 2.408554e-01 5.627251e-03 
0.000000e+00 2.408554e-01 3.632779e-03 
4.797499e-02 2.408554e-01 2.182816e-03 
9.594999e-02 2.408554e-01 1.472412e-03 
1.439250e-01 2.408554e-01 1.889765e-03 
1.919000e-01 2.408554e-01 4.042826e-03 
2.398750e-01 2.408554e-01 8.794805e-03 
2.878500e-01 2.408554e-01 1.730650e-02 
3.358250e-01 2.408554e-01 3.107954e-02 
3.837999e-01 2.408554e-01 5.198666e-02 
4.317749e-01 2.408554e-01 8.226155e-02 
4.797499e-01 2.408554e-01 1.244004e-01 
5.277249e-01 2.408554e-01 1.809040e-01 
5.756999e-01 2.408554e-01 2.537771e-01 
6.236749e-01 2.408554e-01 3.437320e-01 
6.716499e-01 2.408554e-01 4.491673e-01 
7.196249e-01 2.408554e-01 5.652280e-01 
7.675999e-01 2.408554e-01 6.835247e-01 
8.155749e-01 2.408554e-01 7.931259e-01 
8.635499e-01 2.408554e-01 8.829483e-01 
9.115249e-01 2.408554e-01 9.447565e-01 
9.594999e-01 2.408554e-01 9.753501e-01 

-9.594999e-01 2.890265e-01 4.895228e+00 
-9.115249e-01 2.890265e-01 3.471031e+00 
-8.635499e-01 2.890265e-01 2.406759e+00 
-8.155749e-01 2.890265e-01 1.659350e+00 
-7.675999e-01 2.890265e-01 1.147667e+00 
-7.196249e-01 2.890265e-01 7.994443e-01 
-6.716499e-01 2.890265e-01 5.615691e-01 
-6.236749e-01 2.890265e-01 3.977710e-01 
-5.756999e-01 2.890265e-01 2.839428e-01 
-5.277249e-01 2.890265e-01 2.041481e-01 
-4.797499e-01 2.890265e-01 1.477921e-01 
-4.317749e-01 2.890265e-01 1.077504e-01 
-3.837999e-01 2.890265e-01 7.916275e-02 
-3.358250e-01 2.890265e-01 5.866042e-02 
-2.878500e-01 2.890265e-01 4.387219e-02 
-2.398750e-01 2.890265e-01 3.310674e-02 
-1.919000e-01 2.890265e-01 2.514901e-02 
-1.439250e-01 2.890265e-01 1.913060e-02 
-9.594999e-02 2.890265e-01 1.444942e-02 
-4.797499e-02 2.890265e-01 1.072280e-02 
0.000000e+00 2.890265e-01 7.764045e-03 
4.797499e-02 2.890265e-01 5.576248e-03 
9.594999e-02 2.890265e-01 4.359892e-03 
1.439250e-01 2.890265e-01 4.532451e-03 
1.919000e-01 2.890265e-01 6.759689e-03 
2.398750e-01 2.890265e-01 1.199862e-02 
2.878500e-01 2.890265e-01 2.155101e-02 
3.358250e-01 2.890265e-01 3.712230e-02 
3.837999e-01 2.890265e-01 6.087228e-02 
4.317749e-01 2.890265e-01 9.542715e-02 
4.797499e-01 2.890265e-01 1.437967e-01 
5.277249e-01 2.890265e-01 2.091058e-01 
5.756999e-01 2.890265e-01 2.940191e-01 
6.236749e-01 2.890265e-01 3.997589e-01 
6.716499e-01 2.890265e-01 5.247465e-01 
7.196249e-01 2.890265e-01 6.632235e-01 
7.675999e-01 2.890265e-01 8.046348e-01 
8.155749e-01 2.890265e-01 9.347420e-01 
8.635499e-01 2.890265e-01 1.038831e+00 
9.115249e-01 2.890265e-01 1.105987e+00 
9.594999e-01 2.890265e-01 1.132287e+00 

-9.594999e-01 3.371976e-01 5.266440e+00 
-9.115249e-01 3.371976e-01 3.814418e+00 
-8.635499e-01 3.371976e-01 2.689214e+00 
-8.155749e-01 3.371976e-01 1.880915e+00 
-7.675999e-01 3.371976e-01 1.318914e+00 
-7.196249e-01 3.371976e-01 9.318733e-01 
-6.716499e-01 3.371976e-01 6.647326e-01 
-6.236749e-01 3.371976e-01 4.789331e-01 
-5.756999e-01 3.371976e-01 3.484596e-01 
-5.277249e-01 3.371976e-01 2.559427e-01 
-4.797499e-01 3.371976e-01 1.897511e-01 
-4.317749e-01 3.371976e-01 1.420191e-01 
-3.837999e-01 3.371976e-01 1.073539e-01 
-3.358250e-01 3.371976e-01 8.200184e-02 
-2.878500e-01 3.371976e-01 6.330893e-02 
-2.398750e-01 3.371976e-01 4.937397e-02 
-1.919000e-01 3.371976e-01 3.882439e-02 
-1.439250e-01 3.371976e-01 3.067335e-02 
-9.594999e-02 3.371976e-01 2.423100e-02 
-4.797499e-02 3.371976e-01 1.905280e-02 
0.000000e+00 3.371976e-01 1.491385e-02 
4.797499e-02 3.371976e-01 1.180281e-02 
9.594999e-02 3.371976e-01 9.931236e-03 
1.439250e-01 3.371976e-01 9.757161e-03 
1.919000e-01 3.371976e-01 1.202293e-02 
2.398750e-01 3.371976e-01 1.780841e-02 
2.878500e-01 3.371976e-01 2.859996e-02 
3.358250e-01 3.371976e-01 4.637190e-02 
3.837999e-01 3.371976e-01 7.366749e-02 
4.317749e-01 3.371976e-01 1.136474e-01 
4.797499e-01 3.371976e-01 1.700394e-01 
5.277249e-01 3.371976e-01 2.468709e-01 
5.756999e-01 3.371976e-01 3.478123e-01 
6.236749e-01 3.371976e-01 4.749425e-01 
6.716499e-01 3.371976e-01 6.268909e-01 
7.196249e-01 3.371976e-01 7.967385e-01 
7.675999e-01 3.371976e-01 9.707710e-01 
8.155749e-01 3.371976e-01 1.129668e+00 
8.635499e-01 3.371976e-01 1.253007e+00 
9.115249e-01 3.371976e-01 1.325730e+00 
9.594999e-01 3.371976e-01 1.343081e+00 

-9.594999e-01 3.853687e-01 5.304322e+00 
-9.115249e-01 3.853687e-01 3.966638e+00 
-8.635499e-01 3.853687e-01 2.870418e+00 
-8.155749e-01 3.853687e-01 2.052208e+00 
-7.675999e-01 3.853687e-01 1.467419e+00 
-7.196249e-01 3.853687e-01 1.056124e+00 
-6.716499e-01 3.853687e-01 7.673362e-01 
-6.236749e-01 3.853687e-01 5.634536e-01 
-5.756999e-01 3.853687e-01 4.182754e-01 
-5.277249e-01 3.853687e-01 3.139149e-01 
-4.797499e-01 3.853687e-01 2.381968e-01 
-4.317749e-01 3.853687e-01 1.827815e-01 
-3.837999e-01 3.853687e-01 1.418915e-01 
-3.358250e-01 3.853687e-01 1.114687e-01 
-2.878500e-01 3.853687e-01 8.862075e-02 
-2.398750e-01 3.853687e-01 7.125996e-02 
-1.919000e-01 3.853687e-01 5.786758e-02 
-1.439250e-01 3.853687e-01 4.734314e-02 
-9.594999e-02 3.853687e-01 3.891063e-02 
-4.797499e-02 3.853687e-01 3.206438e-02 
0.000000e+00 3.853687e-01 2.654324e-02 
4.797499e-02 3.853687e-01 2.232607e-02 
9.594999e-02 3.853687e-01 1.964477e-02 
1.439250e-01 3.853687e-01 1.901356e-02 
1.919000e-01 3.853687e-01 2.127580e-02 
2.398750e-01 3.853687e-01 2.767100e-02 
2.878500e-01 3.853687e-01 3.992487e-02 
3.358250e-01 3.853687e-01 6.036214e-02 
3.837999e-01 3.853687e-01 9.203220e-02 
4.317749e-01 3.853687e-01 1.388149e-01 
4.797499e-01 3.853687e-01 2.054300e-01 
5.277249e-01 3.853687e-01 2.972000e-01 
5.756999e-01 3.853687e-01 4.193143e-01 
6.236749e-01 3.853687e-01 5.752714e-01 
6.716499e-01 3.853687e-01 7.642848e-01 
7.196249e-01 3.853687e-01 9.780062e-01 
7.675999e-01 3.853687e-01 1.198097e+00 
8.155749e-01 3.853687e-01 1.397324e+00 
8.635499e-01 3.853687e-01 1.546164e+00 
9.115249e-01 3.853687e-01 1.623132e+00 
9.594999e-01 3.853687e-01 1.622822e+00 

-9.594999e-01 4.335398e-01 4.981213e+00 
-9.115249e-01 4.335398e-01 3.878741e+00 
-8.635499e-01 4.335398e-01 2.906192e+00 
-8.155749e-01 4.335398e-01 2.140339e+00 
-7.675999e-01 4.335398e-01 1.570541e+00 
-7.196249e-01 4.335398e-01 1.157164e+00 
-6.716499e-01 4.335398e-01 8.596080e-01 
-6.236749e-01 4.335398e-01 6.451212e-01 
-5.756999e-01 4.335398e-01 4.895892e-01 
-5.277249e-01 4.335398e-01 3.759129e-01 
-4.797499e-01 4.335398e-01 2.921238e-01 
-4.317749e-01 4.335398e-01 2.298445e-01 
-3.837999e-01 4.335398e-01 1.831688e-01 
-3.358250e-01 4.335398e-01 1.478864e-01 
-2.878500e-01 4.335398e-01 1.209576e-01 
-2.398750e-01 4.335398e-01 1.001619e-01 
-1.919000e-01 4.335398e-01 8.386622e-02 
-1.439250e-01 4.335398e-01 7.087443e-02 
-9.594999e-02 4.335398e-01 6.033475e-02 
-4.797499e-02 4.335398e-01 5.168722e-02 
0.000000e+00 4.335398e-01 4.464093e-02 
4.797499e-02 4.335398e-01 3.917398e-02 
9.594999e-02 4.335398e-01 3.555262e-02 
1.439250e-01 4.335398e-01 3.436902e-02 
1.919000e-01 4.335398e-01 3.660011e-02 
2.398750e-01 4.335398e-01 4.369273e-02 
2.878500e-01 4.335398e-01 5.768169e-02 
3.358250e-01 4.335398e-01 8.134553e-02 
3.837999e-01 4.335398e-01 1.183959e-01 
4.317749e-01 4.335398e-01 1.736710e-01 
4.797499e-01 4.335398e-01 2.532490e-01 
5.277249e-01 4.335398e-01 3.642918e-01 
5.756999e-01 4.335398e-01 5.142620e-01 
6.236749e-01 4.335398e-01 7.089697e-01 
6.716499e-01 4.335398e-01 9.489129e-01 
7.196249e-01 4.335398e-01 1.224081e+00 
7.675999e-01 4.335398e-01 1.509321e+00 
8.155749e-01 4.335398e-01 1.764893e+00 
8.635499e-01 4.335398e-01 1.946555e+00 
9.115249e-01 4.335398e-01 2.022922e+00 
9.594999e-01 4.335398e-01 1.989046e+00 

-9.594999e-01 4.817109e-01 4.396762e+00 
-9.115249e-01 4.817109e-01 3.578544e+00 
-8.635499e-01 4.817109e-01 2.791899e+00 
-8.155749e-01 4.817109e-01 2.130752e+00 
-7.675999e-01 4.817109e-01 1.613323e+00 
-7.196249e-01 4.817109e-01 1.222648e+00 
-6.716499e-01 4.817109e-01 9.322517e-01 
-6.236749e-01 4.817109e-01 7.173038e-01 
-5.756999e-01 4.817109e-01 5.578899e-01 
-5.277249e-01 4.817109e-01 4.390598e-01 
-4.797499e-01 4.817109e-01 3.499053e-01 
-4.317749e-01 4.817109e-01 2.825431e-01 
-3.837999e-01 4.817109e-01 2.312709e-01 
-3.358250e-01 4.817109e-01 1.919349e-01 
-2.878500e-01 4.817109e-01 1.614791e-01 
-2.398750e-01 4.817109e-01 1.376328e-01 
-1.919000e-01 4.817109e-01 1.186991e-01 
-1.439250e-01 4.817109e-01 1.034170e-01 
-9.594999e-02 4.817109e-01 9.087755e-02 
-4.797499e-02 4.817109e-01 8.047848e-02 
0.000000e+00 4.817109e-01 7.190965e-02 
4.797499e-02 4.817109e-01 6.516157e-02 
9.594999e-02 4.817109e-01 6.055448e-02 
1.439250e-01 4.817109e-01 5.878822e-02 
1.919000e-01 4.817109e-01 6.101705e-02 
2.398750e-01 4.817109e-01 6.895814e-02 
2.878500e-01 4.817109e-01 8.504589e-02 
3.358250e-01 4.817109e-01 1.126450e-01 
3.837999e-01 4.817109e-01 1.563282e-01 
4.317749e-01 4.817109e-01 2.221995e-01 
4.797499e-01 4.817109e-01 3.181762e-01 
5.277249e-01 4.817109e-01 4.540015e-01 
5.756999e-01 4.817109e-01 6.404904e-01 
6.236749e-01 4.817109e-01 8.871311e-01 
6.716499e-01 4.817109e-01 1.196920e+00 
7.196249e-01 4.817109e-01 1.558059e+00 
7.675999e-01 4.817109e-01 1.935266e+00 
8.155749e-01 4.817109e-01 2.268769e+00 
8.635499e-01 4.817109e-01 2.490352e+00 
9.115249e-01 4.817109e-01 2.553804e+00 
9.594999e-01 4.817109e-01 2.458265e+00 

-9.594999e-01 5.298820e-01 3.706163e+00 
-9.115249e-01 5.298820e-01 3.149557e+00 
-8.635499e-01 5.298820e-01 2.562505e+00 
-8.155749e-01 5.298820e-01 2.032671e+00 
-7.675999e-01 5.298820e-01 1.593690e+00 
-7.196249e-01 5.298820e-01 1.246629e+00 
-6.716499e-01 5.298820e-01 9.787887e-01 
-6.236749e-01 5.298820e-01 7.743026e-01 
-5.756999e-01 5.298820e-01 6.186634e-01 
-5.277249e-01 5.298820e-01 5.000575e-01 
-4.797499e-01 5.298820e-01 4.093572e-01 
-4.317749e-01 5.298820e-01 3.396733e-01 
-3.837999e-01 5.298820e-01 2.858459e-01 
-3.358250e-01 5.298820e-01 2.440053e-01 
-2.878500e-01 5.298820e-01 2.112297e-01 
-2.398750e-01 5.298820e-01 1.852965e-01 
-1.919000e-01 5.298820e-01 1.645070e-01 
-1.439250e-01 5.298820e-01 1.475731e-01 
-9.594999e-02 5.298820e-01 1.335495e-01 
-4.797499e-02 5.298820e-01 1.218045e-01 
0.000000e+00 5.298820e-01 1.120186e-01 
4.797499e-02 5.298820e-01 1.042087e-01 
9.594999e-02 5.298820e-01 9.877260e-02 
1.439250e-01 5.298820e-01 9.655614e-02 
1.919000e-01 5.298820e-01 9.894909e-02 
2.398750e-01 5.298820e-01 1.080231e-01 
2.878500e-01 5.298820e-01 1.267312e-01 
3.358250e-01 5.298820e-01 1.591953e-01 
3.837999e-01 5.298820e-01 2.111022e-01 
4.317749e-01 5.298820e-01 2.902110e-01 
4.797499e-01 5.298820e-01 4.068943e-01 
5.277249e-01 5.298820e-01 5.744523e-01 
5.756999e-01 5.298820e-01 8.085330e-01 
6.236749e-01 5.298820e-01 1.124289e+00 
6.716499e-01 5.298820e-01 1.529142e+00 
7.196249e-01 5.298820e-01 2.009535e+00 
7.675999e-01 5.298820e-01 2.514955e+00 
8.155749e-01 5.298820e-01 2.953346e+00 
8.635499e-01 5.298820e-01 3.217756e+00 
9.115249e-01 5.298820e-01 3.241387e+00 
9.594999e-01 5.298820e-01 3.037209e+00 

-9.594999e-01 5.780530e-01 3.037209e+00 
-9.115249e-01 5.780530e-01 2.683103e+00 
-8.635499e-01 5.780530e-01 2.271886e+00 
-8.155749e-01 5.780530e-01 1.872803e+00 
-7.675999e-01 5.780530e-01 1.522078e+00 
-7.196249e-01 5.780530e-01 1.231001e+00 
-6.716499e-01 5.780530e-01 9.971746e-01 
-6.236749e-01 5.780530e-01 8.126322e-01 
-5.756999e-01 5.780530e-01 6.682501e-01 
-5.277249e-01 5.780530e-01 5.556791e-01 
-4.797499e-01 5.780530e-01 4.679550e-01 
-4.317749e-01 5.780530e-01 3.995170e-01 
-3.837999e-01 5.780530e-01 3.460105e-01 
-3.358250e-01 5.780530e-01 3.040437e-01 
-2.878500e-01 5.780530e-01 2.709681e-01 
-2.398750e-01 5.780530e-01 2.447024e-01 
-1.919000e-01 5.780530e-01 2.236051e-01 
-1.439250e-01 5.780530e-01 2.063924e-01 
-9.594999e-02 5.780530e-01 1.920954e-01 
-4.797499e-02 5.780530e-01 1.800530e-01 
0.000000e+00 5.780530e-01 1.699345e-01 
4.797499e-02 5.780530e-01 1.617867e-01 
9.594999e-02 5.780530e-01 1.561037e-01 
1.439250e-01 5.780530e-01 1.539201e-01 
1.919000e-01 5.780530e-01 1.569347e-01 
2.398750e-01 5.780530e-01 1.676849e-01 
2.878500e-01 5.780530e-01 1.898008e-01 
3.358250e-01 5.780530e-01 2.283834e-01 
3.837999e-01 5.780530e-01 2.905539e-01 
4.317749e-01 5.780530e-01 3.862087e-01 
4.797499e-01 5.780530e-01 5.289337e-01 
5.277249e-01 5.780530e-01 7.367998e-01 
5.756999e-01 5.780530e-01 1.032179e+00 
6.236749e-01 5.780530e-01 1.438528e+00 
6.716499e-01 5.780530e-01 1.970361e+00 
7.196249e-01 5.780530e-01 2.612331e+00 
7.675999e-01 5.780530e-01 3.290692e+00 
8.155749e-01 5.780530e-01 3.861791e+00 
8.635499e-01 5.780530e-01 4.158408e+00 
9.115249e-01 5.780530e-01 4.090147e+00 
9.594999e-01 5.780530e-01 3.706163e+00 

-9.594999e-01 6.262241e-01 2.458265e+00 
-9.115249e-01 6.262241e-01 2.244440e+00 
-8.635499e-01 6.262241e-01 1.969492e+00 
-8.155749e-01 6.262241e-01 1.682897e+00 
-7.675999e-01 6.262241e-01 1.416141e+00 
-7.196249e-01 6.262241e-01 1.183955e+00 
-6.716499e-01 6.262241e-01 9.899087e-01 
-6.236749e-01 6.262241e-01 8.316772e-01 
-5.756999e-01 6.262241e-01 7.045461e-01 
-5.277249e-01 6.262241e-01 6.033159e-01 
-4.797499e-01 6.262241e-01 5.231709e-01 
-4.317749e-01 6.262241e-01 4.599797e-01 
-3.837999e-01 6.262241e-01 4.103227e-01 
-3.358250e-01 6.262241e-01 3.714084e-01 
-2.878500e-01 6.262241e-01 3.409591e-01 
-2.398750e-01 6.262241e-01 3.171051e-01 
-1.919000e-01 6.262241e-01 2.983020e-01 
-1.439250e-01 6.262241e-01 2.832817e-01 
-9.594999e-02 6.262241e-01 2.710378e-01 
-4.797499e-02 6.262241e-01 2.608481e-01 
0.000000e+00 6.262241e-01 2.523301e-01 
4.797499e-02 6.262241e-01 2.455275e-01 
9.594999e-02 6.262241e-01 2.410208e-01 
1.439250e-01 6.262241e-01 2.400618e-01 
1.919000e-01 6.262241e-01 2.447383e-01 
2.398750e-01 6.262241e-01 2.581934e-01 
2.878500e-01 6.262241e-01 2.849426e-01 
3.358250e-01 6.262241e-01 3.313552e-01 
3.837999e-01 6.262241e-01 4.063872e-01 
4.317749e-01 6.262241e-01 5.226474e-01 
4.797499e-01 6.262241e-01 6.978063e-01 
5.277249e-01 6.262241e-01 9.560740e-01 
5.756999e-01 6.262241e-01 1.328668e+00 
6.236749e-01 6.262241e-01 1.850299e+00 
6.716499e-01 6.262241e-01 2.545392e+00 
7.196249e-01 6.262241e-01 3.395646e+00 
7.675999e-01 6.262241e-01 4.291350e+00 
8.155749e-01 6.262241e-01 5.009368e+00 
8.635499e-01 6.262241e-01 5.297111e+00 
9.115249e-01 6.262241e-01 5.050381e+00 
9.594999e-01 6.262241e-01 4.396762e+00 

-9.594999e-01 6.743952e-01 1.989046e+00 
-9.115249e-01 6.743952e-01 1.866023e+00 
-8.635499e-01 6.743952e-01 1.688350e+00 
-8.155749e-01 6.743952e-01 1.489603e+00 
-7.675999e-01 6.743952e-01 1.294323e+00 
-7.196249e-01 6.743952e-01 1.116675e+00 
-6.716499e-01 6.743952e-01 9.627295e-01 
-6.236749e-01 6.743952e-01 8.334831e-01 
-5.756999e-01 6.743952e-01 7.272868e-01 
-5.277249e-01 6.743952e-01 6.413996e-01 
-4.797499e-01 6.743952e-01 5.728466e-01 
-4.317749e-01 6.743952e-01 5.188241e-01 
-3.837999e-01 6.743952e-01 4.768485e-01 
-3.358250e-01 6.743952e-01 4.447732e-01 
-2.878500e-01 6.743952e-01 4.207479e-01 
-2.398750e-01 6.743952e-01 4.031602e-01 
-1.919000e-01 6.743952e-01 3.905850e-01 
-1.439250e-01 6.743952e-01 3.817581e-01 
-9.594999e-02 6.743952e-01 3.755840e-01 
-4.797499e-02 6.743952e-01 3.711892e-01 
0.000000e+00 6.743952e-01 3.680230e-01 
4.797499e-02 6.743952e-01 3.660036e-01 
9.594999e-02 6.743952e-01 3.657010e-01 
1.439250e-01 6.743952e-01 3.685455e-01 
1.919000e-01 6.743952e-01 3.770620e-01 
2.398750e-01 6.743952e-01 3.951513e-01 
2.878500e-01 6.743952e-01 4.284743e-01 
3.358250e-01 6.743952e-01 4.850389e-01 
3.837999e-01 6.743952e-01 5.761251e-01 
4.317749e-01 6.743952e-01 7.176998e-01 
4.797499e-01 6.743952e-01 9.324030e-01 
5.277249e-01 6.743952e-01 1.251846e+00 
5.756999e-01 6.743952e-01 1.717869e+00 
6.236749e-01 6.743952e-01 2.378556e+00 
6.716499e-01 6.743952e-01 3.269186e+00 
7.196249e-01 6.743952e-01 4.363343e+00 
7.675999e-01 6.743952e-01 5.495852e+00 
8.155749e-01 6.743952e-01 6.331698e+00 
8.635499e-01 6.743952e-01 6.519858e+00 
9.115249e-01 6.743952e-01 5.981720e+00 
9.594999e-01 6.743952e-01 4.981213e+00 

-9.594999e-01 7.225663e-01 1.622822e+00 
-9.115249e-01 7.225663e-01 1.556347e+00 
-8.635499e-01 7.225663e-01 1.444715e+00 
-8.155749e-01 7.225663e-01 1.310372e+00 
-7.675999e-01 7.225663e-01 1.171498e+00 
-7.196249e-01 7.225663e-01 1.040107e+00 
-6.716499e-01 7.225663e-01 9.227067e-01 
-6.236749e-01 7.225663e-01 8.218826e-01 
-5.756999e-01 7.225663e-01 7.378452e-01 
-5.277249e-01 7.225663e-01 6.695657e-01 
-4.797499e-01 7.225663e-01 6.154929e-01 
-4.317749e-01 7.225663e-01 5.739496e-01 
-3.837999e-01 7.225663e-01 5.433201e-01 
-3.358250e-01 7.225663e-01 5.221127e-01 
-2.878500e-01 7.225663e-01 5.089537e-01 
-2.398750e-01 7.225663e-01 5.025477e-01 
-1.919000e-01 7.225663e-01 5.016327e-01 
-1.439250e-01 7.225663e-01 5.049483e-01 
-9.594999e-02 7.225663e-01 5.112436e-01 
-4.797499e-02 7.225663e-01 5.193430e-01 
0.000000e+00 7.225663e-01 5.282928e-01 
4.797499e-02 7.225663e-01 5.375918e-01 
9.594999e-02 7.225663e-01 5.474992e-01 
1.439250e-01 7.225663e-01 5.593885e-01 
1.919000e-01 7.225663e-01 5.761225e-01 
2.398750e-01 7.225663e-01 6.024439e-01 
2.878500e-01 7.225663e-01 6.454387e-01 
3.358250e-01 7.225663e-01 7.152026e-01 
3.837999e-01 7.225663e-01 8.259140e-01 
4.317749e-01 7.225663e-01 9.975505e-01 
4.797499e-01 7.225663e-01 1.258404e+00 
5.277249e-01 7.225663e-01 1.648105e+00 
5.756999e-01 7.225663e-01 2.219374e+00 
6.236749e-01 7.225663e-01 3.032621e+00 
6.716499e-01 7.225663e-01 4.129089e+00 
7.196249e-01 7.225663e-01 5.460641e+00 
7.675999e-01 7.225663e-01 6.781767e+00 
8.155749e-01 7.225663e-01 7.627498e+00 
8.635499e-01 7.225663e-01 7.579243e+00 
9.115249e-01 7.225663e-01 6.658768e+00 
9.594999e-01 7.225663e-01 5.304322e+00 

-9.594999e-01 7.707374e-01 1.343081e+00 
-9.115249e-01 7.707374e-01 1.311130e+00 
-8.635499e-01 7.707374e-01 1.243074e+00 
-8.155749e-01 7.707374e-01 1.154108e+00 
-7.675999e-01 7.707374e-01 1.057531e+00 
-7.196249e-01 7.707374e-01 9.630186e-01 
-6.716499e-01 7.707374e-01 8.765945e-01 
-6.236749e-01 7.707374e-01 8.014113e-01 
-5.756999e-01 7.707374e-01 7.386952e-01 
-5.277249e-01 7.707374e-01 6.885342e-01 
-4.797499e-01 7.707374e-01 6.504309e-01 
-4.317749e-01 7.707374e-01 6.236420e-01 
-3.837999e-01 7.707374e-01 6.073600e-01 
-3.358250e-01 7.707374e-01 6.007864e-01 
-2.878500e-01 7.707374e-01 6.031305e-01 
-2.398750e-01 7.707374e-01 6.135627e-01 
-1.919000e-01 7.707374e-01 6.311389e-01 
-1.439250e-01 7.707374e-01 6.547218e-01 
-9.594999e-02 7.707374e-01 6.829282e-01 
-4.797499e-02 7.707374e-01 7.141472e-01 
0.000000e+00 7.707374e-01 7.466831e-01 
4.797499e-02 7.707374e-01 7.790656e-01 
9.594999e-02 7.707374e-01 8.105447e-01 
1.439250e-01 7.707374e-01 8.417271e-01 
1.919000e-01 7.707374e-01 8.752665e-01 
2.398750e-01 7.707374e-01 9.165168e-01 
2.878500e-01 7.707374e-01 9.741373e-01 
3.358250e-01 7.707374e-01 1.060784e+00 
3.837999e-01 7.707374e-01 1.194170e+00 
4.317749e-01 7.707374e-01 1.398845e+00 
4.797499e-01 7.707374e-01 1.708900e+00 
5.277249e-01 7.707374e-01 2.171152e+00 
5.756999e-01 7.707374e-01 2.846265e+00 
6.236749e-01 7.707374e-01 3.799770e+00 
6.716499e-01 7.707374e-01 5.064137e+00 
7.196249e-01 7.707374e-01 6.546429e+00 
7.675999e-01 7.707374e-01 7.904216e+00 
8.155749e-01 7.707374e-01 8.574176e+00 
8.635499e-01 7.707374e-01 8.165923e+00 
9.115249e-01 7.707374e-01 6.871204e+00 
9.594999e-01 7.707374e-01 5.266440e+00 

-9.594999e-01 8.189085e-01 1.132287e+00 
-9.115249e-01 8.189085e-01 1.121228e+00 
-8.635499e-01 8.189085e-01 1.081505e+00 
-8.155749e-01 8.189085e-01 1.023742e+00 
-7.675999e-01 8.189085e-01 9.578092e-01 
-7.196249e-01 8.189085e-01 8.914251e-01 
-6.716499e-01 8.189085e-01 8.298826e-01 
-6.236749e-01 8.189085e-01 7.764164e-01 
-5.756999e-01 8.189085e-01 7.327808e-01 
-5.277249e-01 8.189085e-01 6.997932e-01 
-4.797499e-01 8.189085e-01 6.777544e-01 
-4.317749e-01 8.189085e-01 6.667301e-01 
-3.837999e-01 8.189085e-01 6.667176e-01 
-3.358250e-01 8.189085e-01 6.777205e-01 
-2.878500e-01 8.189085e-01 6.997485e-01 
-2.398750e-01 8.189085e-01 7.327518e-01 
-1.919000e-01 8.189085e-01 7.764950e-01 
-1.439250e-01 8.189085e-01 8.303785e-01 
-9.594999e-02 8.189085e-01 8.932339e-01 
-4.797499e-02 8.189085e-01 9.631531e-01 
0.000000e+00 8.189085e-01 1.037455e+00 
4.797499e-02 8.189085e-01 1.112931e+00 
9.594999e-02 8.189085e-01 1.186505e+00 
1.439250e-01 8.189085e-01 1.256327e+00 
1.919000e-01 8.189085e-01 1.323161e+00 
2.398750e-01 8.189085e-01 1.391747e+00 
2.878500e-01 8.189085e-01 1.471860e+00 
3.358250e-01 8.189085e-01 1.579006e+00 
3.837999e-01 8.189085e-01 1.735119e+00 
4.317749e-01 8.189085e-01 1.969776e+00 
4.797499e-01 8.189085e-01 2.322244e+00 
5.277249e-01 8.189085e-01 2.843587e+00 
5.756999e-01 8.189085e-01 3.595195e+00 
6.236749e-01 8.189085e-01 4.633461e+00 
6.716499e-01 8.189085e-01 5.959631e+00 
7.196249e-01 8.189085e-01 7.415644e+00 
7.675999e-01 8.189085e-01 8.581399e+00 
8.155749e-01 8.189085e-01 8.893805e+00 
8.635499e-01 8.189085e-01 8.105811e+00 
9.115249e-01 8.189085e-01 6.571544e+00 
9.594999e-01 8.189085e-01 4.895228e+00 

-9.594999e-01 8.670796e-01 9.753501e-01 
-9.115249e-01 8.670796e-01 9.768892e-01 
-8.635499e-01 8.670796e-01 9.554488e-01 
-8.155749e-01 8.670796e-01 9.188090e-01 
-7.675999e-01 8.670796e-01 8.745410e-01 
-7.196249e-01 8.670796e-01 8.289046e-01 
-6.716499e-01 8.670796e-01 7.865211e-01 
-6.236749e-01 8.670796e-01 7.505367e-01 
-5.756999e-01 8.670796e-01 7.229922e-01 
-5.277249e-01 8.670796e-01 7.052156e-01 
-4.797499e-01 8.670796e-01 6.981538e-01 
-4.317749e-01 8.670796e-01 7.026204e-01 
-3.837999e-01 8.670796e-01 7.194628e-01 
-3.358250e-01 8.670796e-01 7.496572e-01 
-2.878500e-01 8.670796e-01 7.943331e-01 
-2.398750e-01 8.670796e-01 8.547191e-01 
-1.919000e-01 8.670796e-01 9.319866e-01 
-1.439250e-01 8.670796e-01 1.026962e+00 
-9.594999e-02 8.670796e-01 1.139687e+00 
-4.797499e-02 8.670796e-01 1.268850e+00 
0.000000e+00 8.670796e-01 1.411207e+00 
4.797499e-02 8.670796e-01 1.561278e+00 
9.594999e-02 8.670796e-01 1.711748e+00 
1.439250e-01 8.670796e-01 1.854978e+00 
1.919000e-01 8.670796e-01 1.985687e+00 
2.398750e-01 8.670796e-01 2.104175e+00 
2.878500e-01 8.670796e-01 2.218976e+00 
3.358250e-01 8.670796e-01 2.348012e+00 
3.837999e-01 8.670796e-01 2.518351e+00 
4.317749e-01 8.670796e-01 2.765511e+00 
4.797499e-01 8.670796e-01 3.133159e+00 
5.277249e-01 8.670796e-01 3.672306e+00 
5.756999e-01 8.670796e-01 4.435344e+00 
6.236749e-01 8.670796e-01 5.453576e+00 
6.716499e-01 8.670796e-01 6.680372e+00 
7.196249e-01 8.670796e-01 7.898167e+00 
7.675999e-01 8.670796e-01 8.675209e+00 
8.155749e-01 8.670796e-01 8.563056e+00 
8.635499e-01 8.670796e-01 7.500832e+00 
9.115249e-01 8.670796e-01 5.914181e+00 
9.594999e-01 8.670796e-01 4.328148e+00 

-9.594999e-01 9.152507e-01 8.604742e-01 
-9.115249e-01 9.152507e-01 8.695838e-01 
-8.635499e-01 9.152507e-01 8.598613e-01 
-8.155749e-01 9.152507e-01 8.373233e-01 
-7.675999e-01 9.152507e-01 8.080403e-01 
-7.196249e-01 9.152507e-01 7.772563e-01 
-6.716499e-01 9.152507e-01 7.490746e-01 
-6.236749e-01 9.152507e-01 7.265281e-01 
-5.756999e-01 9.152507e-01 7.118378e-01 
-5.277249e-01 9.152507e-01 7.067197e-01 
-4.797499e-01 9.152507e-01 7.126724e-01 
-4.317749e-01 9.152507e-01 7.312182e-01 
-3.837999e-01 9.152507e-01 7.640986e-01 
-3.358250e-01 9.152507e-01 8.134241e-01 
-2.878500e-01 9.152507e-01 8.817767e-01 
-2.398750e-01 9.152507e-01 9.722403e-01 
-1.919000e-01 9.152507e-01 1.088310e+00 
-1.439250e-01 9.152507e-01 1.233592e+00 
-9.594999e-02 9.152507e-01 1.411169e+00 
-4.797499e-02 9.152507e-01 1.622495e+00 
0.000000e+00 9.152507e-01 1.865797e+00 
4.797499e-02 9.152507e-01 2.134230e+00 
9.594999e-02 9.152507e-01 2.414663e+00 
1.439250e-01 9.152507e-01 2.688496e+00 
1.919000e-01 9.152507e-01 2.935886e+00 
2.398750e-01 9.152507e-01 3.143138e+00 
2.878500e-01 9.152507e-01 3.310412e+00 
3.358250e-01 9.152507e-01 3.455737e+00 
3.837999e-01 9.152507e-01 3.613390e+00 
4.317749e-01 9.152507e-01 3.828507e+00 
4.797499e-01 9.152507e-01 4.151127e+00 
5.277249e-01 9.152507e-01 4.630220e+00 
5.756999e-01 9.152507e-01 5.302939e+00 
6.236749e-01 9.152507e-01 6.168604e+00 
6.716499e-01 9.152507e-01 7.137087e+00 
7.196249e-01 9.152507e-01 7.968189e+00 
7.675999e-01 9.152507e-01 8.292212e+00 
8.155749e-01 9.152507e-01 7.824265e+00 
8.635499e-01 9.152507e-01 6.639343e+00 
9.115249e-01 9.152507e-01 5.138623e+00 
9.594999e-01 9.152507e-01 3.725650e+00 

-9.594999e-01 9.634217e-01 7.789488e-01 
-9.115249e-01 9.634217e-01 7.925601e-01 
-8.635499e-01 9.634217e-01 7.902365e-01 
-8.155749e-01 9.634217e-01 7.769104e-01 
-7.675999e-01 9.634217e-01 7.576955e-01 
-7.196249e-01 9.634217e-01 7.371629e-01 
-6.716499e-01 9.634217e-01 7.190551e-01 
-6.236749e-01 9.634217e-01 7.063176e-01 
-5.756999e-01 9.634217e-01 7.013016e-01 
-5.277249e-01 9.634217e-01 7.060290e-01 
-4.797499e-01 9.634217e-01 7.224651e-01 
-4.317749e-01 9.634217e-01 7.527768e-01 
-3.837999e-01 9.634217e-01 7.995792e-01 
-3.358250e-01 9.634217e-01 8.661763e-01 
-2.878500e-01 9.634217e-01 9.567965e-01 
-2.398750e-01 9.634217e-01 1.076805e+00 
-1.919000e-01 9.634217e-01 1.232831e+00 
-1.439250e-01 9.634217e-01 1.432678e+00 
-9.594999e-02 9.634217e-01 1.684756e+00 
-4.797499e-02 9.634217e-01 1.996631e+00 
0.000000e+00 9.634217e-01 2.372190e+00 
4.797499e-02 9.634217e-01 2.807130e+00 
9.594999e-02 9.634217e-01 3.283590e+00 
1.439250e-01 9.634217e-01 3.766812e+00 
1.919000e-01 9.634217e-01 4.208907e+00 
2.398750e-01 9.634217e-01 4.563243e+00 
2.878500e-01 9.634217e-01 4.805317e+00 
3.358250e-01 9.634217e-01 4.947457e+00 
3.837999e-01 9.634217e-01 5.036876e+00 
4.317749e-01 9.634217e-01 5.139690e+00 
4.797499e-01 9.634217e-01 5.322299e+00 
5.277249e-01 9.634217e-01 5.637096e+00 
5.756999e-01 9.634217e-01 6.108879e+00 
6.236749e-01 9.634217e-01 6.712100e+00 
6.716499e-01 9.634217e-01 7.334716e+00 
7.196249e-01 9.634217e-01 7.753291e+00 
7.675999e-01 9.634217e-01 7.690109e+00 
8.155749e-01 9.634217e-01 6.994146e+00 
8.635499e-01 9.634217e-01 5.798584e+00 
9.115249e-01 9.634217e-01 4.436322e+00 
9.594999e-01 9.634217e-01 3.202620e+00 

-9.594999e-01 1.011593e+00 7.246545e-01 
-9.115249e-01 1.011593e+00 7.408531e-01 
-8.635499e-01 1.011593e+00 7.430113e-01 
-8.155749e-01 1.011593e+00 7.354161e-01 
-7.675999e-01 1.011593e+00 7.225992e-01 
-7.196249e-01 1.011593e+00 7.087122e-01 
-6.716499e-01 1.011593e+00 6.972681e-01 
-6.236749e-01 1.011593e+00 6.911586e-01 
-5.756999e-01 1.011593e+00 6.928308e-01 
-5.277249e-01 1.011593e+00 7.045355e-01 
-4.797499e-01 1.011593e+00 7.286010e-01 
-4.317749e-01 1.011593e+00 7.677196e-01 
-3.837999e-01 1.011593e+00 8.252533e-01 
-3.358250e-01 1.011593e+00 9.055776e-01 
-2.878500e-01 1.011593e+00 1.014480e+00 
-2.398750e-01 1.011593e+00 1.159612e+00 
-1.919000e-01 1.011593e+00 1.350966e+00 
-1.439250e-01 1.011593e+00 1.601219e+00 
-9.594999e-02 1.011593e+00 1.925635e+00 
-4.797499e-02 1.011593e+00 2.340809e+00 
0.000000e+00 1.011593e+00 2.861071e+00 
4.797499e-02 1.011593e+00 3.491021e+00 
9.594999e-02 1.011593e+00 4.213618e+00 
1.439250e-01 1.011593e+00 4.977281e+00 
1.919000e-01 1.011593e+00 5.692954e+00 
2.398750e-01 1.011593e+00 6.255690e+00 
2.878500e-01 1.011593e+00 6.590864e+00 
3.358250e-01 1.011593e+00 6.695951e+00 
3.837999e-01 1.011593e+00 6.642572e+00 
4.317749e-01 1.011593e+00 6.539160e+00 
4.797499e-01 1.011593e+00 6.487011e+00 
5.277249e-01 1.011593e+00 6.553520e+00 
5.756999e-01 1.011593e+00 6.759583e+00 
6.236749e-01 1.011593e+00 7.066628e+00 
6.716499e-01 1.011593e+00 7.358700e+00 
7.196249e-01 1.011593e+00 7.442650e+00 
7.675999e-01 1.011593e+00 7.115166e+00 
8.155749e-01 1.011593e+00 6.301670e+00 
8.635499e-01 1.011593e+00 5.143448e+00 
9.115249e-01 1.011593e+00 3.907890e+00 
9.594999e-01 1.011593e+00 2.815690e+00 

-9.594999e-01 1.059764e+00 6.935812e-01 
-9.115249e-01 1.059764e+00 7.111102e-01 
-8.635499e-01 1.059764e+00 7.156667e-01 
-8.155749e-01 1.059764e+00 7.111961e-01 
-7.675999e-01 1.059764e+00 7.019177e-01 
-7.196249e-01 1.059764e+00 6.917550e-01 
-6.716499e-01 1.059764e+00 6.840955e-01 
-6.236749e-01 1.059764e+00 6.818036e-01 
-5.756999e-01 1.059764e+00 6.873873e-01 
-5.277249e-01 1.059764e+00 7.032407e-01 
-4.797499e-01 1.059764e+00 7.319248e-01 
-4.317749e-01 1.059764e+00 7.764768e-01 
-3.837999e-01 1.059764e+00 8.407647e-01 
-3.358250e-01 1.059764e+00 9.299127e-01 
-2.878500e-01 1.059764e+00 1.050834e+00 
-2.398750e-01 1.059764e+00 1.212897e+00 
-1.919000e-01 1.059764e+00 1.428728e+00 
-1.439250e-01 1.059764e+00 1.715041e+00 
-9.594999e-02 1.059764e+00 2.093161e+00 
-4.797499e-02 1.059764e+00 2.588393e+00 
0.000000e+00 1.059764e+00 3.226472e+00 
4.797499e-02 1.059764e+00 4.024180e+00 
9.594999e-02 1.059764e+00 4.971242e+00 
1.439250e-01 1.059764e+00 6.005508e+00 
1.919000e-01 1.059764e+00 6.997375e+00 
2.398750e-01 1.059764e+00 7.773863e+00 
2.878500e-01 1.059764e+00 8.195775e+00 
3.358250e-01 1.059764e+00 8.240278e+00 
3.837999e-01 1.059764e+00 8.012098e+00 
4.317749e-01 1.059764e+00 7.675962e+00 
4.797499e-01 1.059764e+00 7.377931e+00 
5.277249e-01 1.059764e+00 7.205422e+00 
5.756999e-01 1.059764e+00 7.179817e+00 
6.236749e-01 1.059764e+00 7.255858e+00 
6.716499e-01 1.059764e+00 7.318236e+00 
7.196249e-01 1.059764e+00 7.194861e+00 
7.675999e-01 1.059764e+00 6.722942e+00 
8.155749e-01 1.059764e+00 5.860275e+00 
8.635499e-01 1.059764e+00 4.740185e+00 
9.115249e-01 1.059764e+00 3.587867e+00 
9.594999e-01 1.059764e+00 2.582754e+00 

-9.594999e-01 1.107935e+00 6.834667e-01 
-9.115249e-01 1.107935e+00 7.014050e-01 
-8.635499e-01 1.107935e+00 7.067154e-01 
-8.155749e-01 1.107935e+00 7.032365e-01 
-7.675999e-01 1.107935e+00 6.950892e-01 
-7.196249e-01 1.107935e+00 6.861250e-01 
-6.716499e-01 1.107935e+00 6.796915e-01 
-6.236749e-01 1.107935e+00 6.786451e-01 
-5.756999e-01 1.107935e+00 6.855145e-01 
-5.277249e-01 1.107935e+00 7.027431e-01 
-4.797499e-01 1.107935e+00 7.329718e-01 
-4.317749e-01 1.107935e+00 7.793585e-01 
-3.837999e-01 1.107935e+00 8.459503e-01 
-3.358250e-01 1.107935e+00 9.381404e-01 
-2.878500e-01 1.107935e+00 1.063253e+00 
-2.398750e-01 1.107935e+00 1.231298e+00 
-1.919000e-01 1.107935e+00 1.455902e+00 
-1.439250e-01 1.107935e+00 1.755360e+00 
-9.594999e-02 1.107935e+00 2.153447e+00 
-4.797499e-02 1.107935e+00 2.679151e+00 
0.000000e+00 1.107935e+00 3.363316e+00 
4.797499e-02 1.107935e+00 4.228724e+00 
9.594999e-02 1.107935e+00 5.269486e+00 
1.439250e-01 1.107935e+00 6.420584e+00 
1.919000e-01 1.107935e+00 7.535097e+00 
2.398750e-01 1.107935e+00 8.407679e+00 
2.878500e-01 1.107935e+00 8.866637e+00 
3.358250e-01 1.107935e+00 8.878779e+00 
3.837999e-01 1.107935e+00 8.566271e+00 
4.317749e-01 1.107935e+00 8.122645e+00 
4.797499e-01 1.107935e+00 7.715889e+00 
5.277249e-01 1.107935e+00 7.442690e+00 
5.756999e-01 1.107935e+00 7.324674e+00 
6.236749e-01 1.107935e+00 7.313883e+00 
6.716499e-01 1.107935e+00 7.295005e+00 
7.196249e-01 1.107935e+00 7.102565e+00 
7.675999e-01 1.107935e+00 6.585687e+00 
8.155749e-01 1.107935e+00 5.710309e+00 
8.635499e-01 1.107935e+00 4.605215e+00 
9.115249e-01 1.107935e+00 3.481439e+00 
9.594999e-01 1.107935e+00 2.505413e+00 
