1 
511 
3.762745e-03 

-9.594999e-01 
-9.557371e-01 
-9.519744e-01 
-9.482116e-01 
-9.444489e-01 
-9.406861e-01 
-9.369234e-01 
-9.331607e-01 
-9.293979e-01 
-9.256352e-01 
-9.218724e-01 
-9.181097e-01 
-9.143469e-01 
-9.105842e-01 
-9.068214e-01 
-9.030587e-01 
-8.992960e-01 
-8.955332e-01 
-8.917705e-01 
-8.880077e-01 
-8.842450e-01 
-8.804822e-01 
-8.767195e-01 
-8.729567e-01 
-8.691940e-01 
-8.654312e-01 
-8.616685e-01 
-8.579058e-01 
-8.541430e-01 
-8.503803e-01 
-8.466175e-01 
-8.428548e-01 
-8.390920e-01 
-8.353293e-01 
-8.315665e-01 
-8.278038e-01 
-8.240411e-01 
-8.202783e-01 
-8.165156e-01 
-8.127528e-01 
-8.089901e-01 
-8.052273e-01 
-8.014646e-01 
-7.977018e-01 
-7.939391e-01 
-7.901764e-01 
-7.864136e-01 
-7.826509e-01 
-7.788881e-01 
-7.751254e-01 
-7.713626e-01 
-7.675999e-01 
-7.638371e-01 
-7.600744e-01 
-7.563117e-01 
-7.525489e-01 
-7.487862e-01 
-7.450234e-01 
-7.412607e-01 
-7.374979e-01 
-7.337352e-01 
-7.299724e-01 
-7.262097e-01 
-7.224470e-01 
-7.186842e-01 
-7.149215e-01 
-7.111587e-01 
-7.073960e-01 
-7.036332e-01 
-6.998705e-01 
-6.961077e-01 
-6.923450e-01 
-6.885823e-01 
-6.848195e-01 
-6.810568e-01 
-6.772940e-01 
-6.735313e-01 
-6.697685e-01 
-6.660058e-01 
-6.622430e-01 
-6.584803e-01 
-6.547176e-01 
-6.509548e-01 
-6.471921e-01 
-6.434293e-01 
-6.396666e-01 
-6.359038e-01 
-6.321411e-01 
-6.283783e-01 
-6.246156e-01 
-6.208529e-01 
-6.170901e-01 
-6.133274e-01 
-6.095646e-01 
-6.058019e-01 
-6.020391e-01 
-5.982764e-01 
-5.945136e-01 
-5.907509e-01 
-5.869882e-01 
-5.832254e-01 
-5.794627e-01 
-5.756999e-01 
-5.719372e-01 
-5.681744e-01 
-5.644117e-01 
-5.606489e-01 
-5.568862e-01 
-5.531235e-01 
-5.493607e-01 
-5.455980e-01 
-5.418352e-01 
-5.380725e-01 
-5.343097e-01 
-5.305470e-01 
-5.267842e-01 
-5.230215e-01 
-5.192587e-01 
-5.154960e-01 
-5.117333e-01 
-5.079705e-01 
-5.042078e-01 
-5.004450e-01 
-4.966823e-01 
-4.929195e-01 
-4.891568e-01 
-4.853940e-01 
-4.816313e-01 
-4.778686e-01 
-4.741058e-01 
-4.703431e-01 
-4.665803e-01 
-4.628176e-01 
-4.590548e-01 
-4.552921e-01 
-4.515293e-01 
-4.477666e-01 
-4.440039e-01 
-4.402411e-01 
-4.364784e-01 
-4.327156e-01 
-4.289529e-01 
-4.251901e-01 
-4.214274e-01 
-4.176646e-01 
-4.139019e-01 
-4.101392e-01 
-4.063764e-01 
-4.026137e-01 
-3.988509e-01 
-3.950882e-01 
-3.913254e-01 
-3.875627e-01 
-3.837999e-01 
-3.800372e-01 
-3.762745e-01 
-3.725117e-01 
-3.687490e-01 
-3.649862e-01 
-3.612235e-01 
-3.574607e-01 
-3.536980e-01 
-3.499352e-01 
-3.461725e-01 
-3.424098e-01 
-3.386470e-01 
-3.348843e-01 
-3.311215e-01 
-3.273588e-01 
-3.235960e-01 
-3.198333e-01 
-3.160705e-01 
-3.123078e-01 
-3.085451e-01 
-3.047823e-01 
-3.010196e-01 
-2.972568e-01 
-2.934941e-01 
-2.897313e-01 
-2.859686e-01 
-2.822058e-01 
-2.784431e-01 
-2.746804e-01 
-2.709176e-01 
-2.671549e-01 
-2.633921e-01 
-2.596294e-01 
-2.558666e-01 
-2.521039e-01 
-2.483411e-01 
-2.445784e-01 
-2.408157e-01 
-2.370529e-01 
-2.332902e-01 
-2.295274e-01 
-2.257647e-01 
-2.220019e-01 
-2.182392e-01 
-2.144764e-01 
-2.107137e-01 
-2.069510e-01 
-2.031882e-01 
-1.994255e-01 
-1.956627e-01 
-1.919000e-01 
-1.881372e-01 
-1.843745e-01 
-1.806117e-01 
-1.768490e-01 
-1.730862e-01 
-1.693235e-01 
-1.655608e-01 
-1.617980e-01 
-1.580353e-01 
-1.542725e-01 
-1.505098e-01 
-1.467470e-01 
-1.429843e-01 
-1.392215e-01 
-1.354588e-01 
-1.316961e-01 
-1.279333e-01 
-1.241706e-01 
-1.204078e-01 
-1.166451e-01 
-1.128823e-01 
-1.091196e-01 
-1.053568e-01 
-1.015941e-01 
-9.783136e-02 
-9.406861e-02 
-9.030587e-02 
-8.654312e-02 
-8.278038e-02 
-7.901764e-02 
-7.525489e-02 
-7.149215e-02 
-6.772940e-02 
-6.396666e-02 
-6.020391e-02 
-5.644117e-02 
-5.267842e-02 
-4.891568e-02 
-4.515293e-02 
-4.139019e-02 
-3.762745e-02 
-3.386470e-02 
-3.010196e-02 
-2.633921e-02 
-2.257647e-02 
-1.881372e-02 
-1.505098e-02 
-1.128823e-02 
-7.525489e-03 
-3.762745e-03 
0.000000e+00 
3.762745e-03 
7.525489e-03 
1.128823e-02 
1.505098e-02 
1.881372e-02 
2.257647e-02 
2.633921e-02 
3.010196e-02 
3.386470e-02 
3.762745e-02 
4.139019e-02 
4.515293e-02 
4.891568e-02 
5.267842e-02 
5.644117e-02 
6.020391e-02 
6.396666e-02 
6.772940e-02 
7.149215e-02 
7.525489e-02 
7.901764e-02 
8.278038e-02 
8.654312e-02 
9.030587e-02 
9.406861e-02 
9.783136e-02 
1.015941e-01 
1.053568e-01 
1.091196e-01 
1.128823e-01 
1.166451e-01 
1.204078e-01 
1.241706e-01 
1.279333e-01 
1.316961e-01 
1.354588e-01 
1.392215e-01 
1.429843e-01 
1.467470e-01 
1.505098e-01 
1.542725e-01 
1.580353e-01 
1.617980e-01 
1.655608e-01 
1.693235e-01 
1.730862e-01 
1.768490e-01 
1.806117e-01 
1.843745e-01 
1.881372e-01 
1.919000e-01 
1.956627e-01 
1.994255e-01 
2.031882e-01 
2.069510e-01 
2.107137e-01 
2.144764e-01 
2.182392e-01 
2.220019e-01 
2.257647e-01 
2.295274e-01 
2.332902e-01 
2.370529e-01 
2.408157e-01 
2.445784e-01 
2.483411e-01 
2.521039e-01 
2.558666e-01 
2.596294e-01 
2.633921e-01 
2.671549e-01 
2.709176e-01 
2.746804e-01 
2.784431e-01 
2.822058e-01 
2.859686e-01 
2.897313e-01 
2.934941e-01 
2.972568e-01 
3.010196e-01 
3.047823e-01 
3.085451e-01 
3.123078e-01 
3.160705e-01 
3.198333e-01 
3.235960e-01 
3.273588e-01 
3.311215e-01 
3.348843e-01 
3.386470e-01 
3.424098e-01 
3.461725e-01 
3.499352e-01 
3.536980e-01 
3.574607e-01 
3.612235e-01 
3.649862e-01 
3.687490e-01 
3.725117e-01 
3.762745e-01 
3.800372e-01 
3.837999e-01 
3.875627e-01 
3.913254e-01 
3.950882e-01 
3.988509e-01 
4.026137e-01 
4.063764e-01 
4.101392e-01 
4.139019e-01 
4.176646e-01 
4.214274e-01 
4.251901e-01 
4.289529e-01 
4.327156e-01 
4.364784e-01 
4.402411e-01 
4.440039e-01 
4.477666e-01 
4.515293e-01 
4.552921e-01 
4.590548e-01 
4.628176e-01 
4.665803e-01 
4.703431e-01 
4.741058e-01 
4.778686e-01 
4.816313e-01 
4.853940e-01 
4.891568e-01 
4.929195e-01 
4.966823e-01 
5.004450e-01 
5.042078e-01 
5.079705e-01 
5.117333e-01 
5.154960e-01 
5.192587e-01 
5.230215e-01 
5.267842e-01 
5.305470e-01 
5.343097e-01 
5.380725e-01 
5.418352e-01 
5.455980e-01 
5.493607e-01 
5.531235e-01 
5.568862e-01 
5.606489e-01 
5.644117e-01 
5.681744e-01 
5.719372e-01 
5.756999e-01 
5.794627e-01 
5.832254e-01 
5.869882e-01 
5.907509e-01 
5.945136e-01 
5.982764e-01 
6.020391e-01 
6.058019e-01 
6.095646e-01 
6.133274e-01 
6.170901e-01 
6.208529e-01 
6.246156e-01 
6.283783e-01 
6.321411e-01 
6.359038e-01 
6.396666e-01 
6.434293e-01 
6.471921e-01 
6.509548e-01 
6.547176e-01 
6.584803e-01 
6.622430e-01 
6.660058e-01 
6.697685e-01 
6.735313e-01 
6.772940e-01 
6.810568e-01 
6.848195e-01 
6.885823e-01 
6.923450e-01 
6.961077e-01 
6.998705e-01 
7.036332e-01 
7.073960e-01 
7.111587e-01 
7.149215e-01 
7.186842e-01 
7.224470e-01 
7.262097e-01 
7.299724e-01 
7.337352e-01 
7.374979e-01 
7.412607e-01 
7.450234e-01 
7.487862e-01 
7.525489e-01 
7.563117e-01 
7.600744e-01 
7.638371e-01 
7.675999e-01 
7.713626e-01 
7.751254e-01 
7.788881e-01 
7.826509e-01 
7.864136e-01 
7.901764e-01 
7.939391e-01 
7.977018e-01 
8.014646e-01 
8.052273e-01 
8.089901e-01 
8.127528e-01 
8.165156e-01 
8.202783e-01 
8.240411e-01 
8.278038e-01 
8.315665e-01 
8.353293e-01 
8.390920e-01 
8.428548e-01 
8.466175e-01 
8.503803e-01 
8.541430e-01 
8.579058e-01 
8.616685e-01 
8.654312e-01 
8.691940e-01 
8.729567e-01 
8.767195e-01 
8.804822e-01 
8.842450e-01 
8.880077e-01 
8.917705e-01 
8.955332e-01 
8.992960e-01 
9.030587e-01 
9.068214e-01 
9.105842e-01 
9.143469e-01 
9.181097e-01 
9.218724e-01 
9.256352e-01 
9.293979e-01 
9.331607e-01 
9.369234e-01 
9.406861e-01 
9.444489e-01 
9.482116e-01 
9.519744e-01 
9.557371e-01 
9.594999e-01 

1 
595 
3.730421e-03 

-1.107935e+00 
-1.104205e+00 
-1.100474e+00 
-1.096744e+00 
-1.093013e+00 
-1.089283e+00 
-1.085552e+00 
-1.081822e+00 
-1.078092e+00 
-1.074361e+00 
-1.070631e+00 
-1.066900e+00 
-1.063170e+00 
-1.059440e+00 
-1.055709e+00 
-1.051979e+00 
-1.048248e+00 
-1.044518e+00 
-1.040787e+00 
-1.037057e+00 
-1.033327e+00 
-1.029596e+00 
-1.025866e+00 
-1.022135e+00 
-1.018405e+00 
-1.014674e+00 
-1.010944e+00 
-1.007214e+00 
-1.003483e+00 
-9.997528e-01 
-9.960224e-01 
-9.922920e-01 
-9.885615e-01 
-9.848311e-01 
-9.811007e-01 
-9.773703e-01 
-9.736399e-01 
-9.699094e-01 
-9.661790e-01 
-9.624486e-01 
-9.587182e-01 
-9.549878e-01 
-9.512573e-01 
-9.475269e-01 
-9.437965e-01 
-9.400661e-01 
-9.363356e-01 
-9.326052e-01 
-9.288748e-01 
-9.251444e-01 
-9.214140e-01 
-9.176835e-01 
-9.139531e-01 
-9.102227e-01 
-9.064923e-01 
-9.027619e-01 
-8.990314e-01 
-8.953010e-01 
-8.915706e-01 
-8.878402e-01 
-8.841098e-01 
-8.803793e-01 
-8.766489e-01 
-8.729185e-01 
-8.691881e-01 
-8.654577e-01 
-8.617272e-01 
-8.579968e-01 
-8.542664e-01 
-8.505360e-01 
-8.468055e-01 
-8.430751e-01 
-8.393447e-01 
-8.356143e-01 
-8.318839e-01 
-8.281534e-01 
-8.244230e-01 
-8.206926e-01 
-8.169622e-01 
-8.132318e-01 
-8.095013e-01 
-8.057709e-01 
-8.020405e-01 
-7.983101e-01 
-7.945797e-01 
-7.908492e-01 
-7.871188e-01 
-7.833884e-01 
-7.796580e-01 
-7.759275e-01 
-7.721971e-01 
-7.684667e-01 
-7.647363e-01 
-7.610059e-01 
-7.572754e-01 
-7.535450e-01 
-7.498146e-01 
-7.460842e-01 
-7.423538e-01 
-7.386233e-01 
-7.348929e-01 
-7.311625e-01 
-7.274321e-01 
-7.237017e-01 
-7.199712e-01 
-7.162408e-01 
-7.125104e-01 
-7.087800e-01 
-7.050496e-01 
-7.013191e-01 
-6.975887e-01 
-6.938583e-01 
-6.901279e-01 
-6.863974e-01 
-6.826670e-01 
-6.789366e-01 
-6.752062e-01 
-6.714758e-01 
-6.677453e-01 
-6.640149e-01 
-6.602845e-01 
-6.565541e-01 
-6.528237e-01 
-6.490932e-01 
-6.453628e-01 
-6.416324e-01 
-6.379020e-01 
-6.341716e-01 
-6.304411e-01 
-6.267107e-01 
-6.229803e-01 
-6.192499e-01 
-6.155194e-01 
-6.117890e-01 
-6.080586e-01 
-6.043282e-01 
-6.005978e-01 
-5.968673e-01 
-5.931369e-01 
-5.894065e-01 
-5.856761e-01 
-5.819457e-01 
-5.782152e-01 
-5.744848e-01 
-5.707544e-01 
-5.670240e-01 
-5.632936e-01 
-5.595631e-01 
-5.558327e-01 
-5.521023e-01 
-5.483719e-01 
-5.446415e-01 
-5.409110e-01 
-5.371806e-01 
-5.334502e-01 
-5.297198e-01 
-5.259893e-01 
-5.222589e-01 
-5.185285e-01 
-5.147981e-01 
-5.110677e-01 
-5.073372e-01 
-5.036068e-01 
-4.998764e-01 
-4.961460e-01 
-4.924156e-01 
-4.886851e-01 
-4.849547e-01 
-4.812243e-01 
-4.774939e-01 
-4.737635e-01 
-4.700330e-01 
-4.663026e-01 
-4.625722e-01 
-4.588418e-01 
-4.551114e-01 
-4.513809e-01 
-4.476505e-01 
-4.439201e-01 
-4.401897e-01 
-4.364592e-01 
-4.327288e-01 
-4.289984e-01 
-4.252680e-01 
-4.215376e-01 
-4.178071e-01 
-4.140767e-01 
-4.103463e-01 
-4.066159e-01 
-4.028855e-01 
-3.991550e-01 
-3.954246e-01 
-3.916942e-01 
-3.879638e-01 
-3.842334e-01 
-3.805029e-01 
-3.767725e-01 
-3.730421e-01 
-3.693117e-01 
-3.655812e-01 
-3.618508e-01 
-3.581204e-01 
-3.543900e-01 
-3.506596e-01 
-3.469291e-01 
-3.431987e-01 
-3.394683e-01 
-3.357379e-01 
-3.320075e-01 
-3.282770e-01 
-3.245466e-01 
-3.208162e-01 
-3.170858e-01 
-3.133554e-01 
-3.096249e-01 
-3.058945e-01 
-3.021641e-01 
-2.984337e-01 
-2.947033e-01 
-2.909728e-01 
-2.872424e-01 
-2.835120e-01 
-2.797816e-01 
-2.760511e-01 
-2.723207e-01 
-2.685903e-01 
-2.648599e-01 
-2.611295e-01 
-2.573990e-01 
-2.536686e-01 
-2.499382e-01 
-2.462078e-01 
-2.424774e-01 
-2.387469e-01 
-2.350165e-01 
-2.312861e-01 
-2.275557e-01 
-2.238253e-01 
-2.200948e-01 
-2.163644e-01 
-2.126340e-01 
-2.089036e-01 
-2.051731e-01 
-2.014427e-01 
-1.977123e-01 
-1.939819e-01 
-1.902515e-01 
-1.865210e-01 
-1.827906e-01 
-1.790602e-01 
-1.753298e-01 
-1.715994e-01 
-1.678689e-01 
-1.641385e-01 
-1.604081e-01 
-1.566777e-01 
-1.529473e-01 
-1.492168e-01 
-1.454864e-01 
-1.417560e-01 
-1.380256e-01 
-1.342952e-01 
-1.305647e-01 
-1.268343e-01 
-1.231039e-01 
-1.193735e-01 
-1.156430e-01 
-1.119126e-01 
-1.081822e-01 
-1.044518e-01 
-1.007214e-01 
-9.699094e-02 
-9.326052e-02 
-8.953010e-02 
-8.579968e-02 
-8.206926e-02 
-7.833884e-02 
-7.460842e-02 
-7.087800e-02 
-6.714758e-02 
-6.341716e-02 
-5.968673e-02 
-5.595631e-02 
-5.222589e-02 
-4.849547e-02 
-4.476505e-02 
-4.103463e-02 
-3.730421e-02 
-3.357379e-02 
-2.984337e-02 
-2.611295e-02 
-2.238253e-02 
-1.865210e-02 
-1.492168e-02 
-1.119126e-02 
-7.460842e-03 
-3.730421e-03 
0.000000e+00 
3.730421e-03 
7.460842e-03 
1.119126e-02 
1.492168e-02 
1.865210e-02 
2.238253e-02 
2.611295e-02 
2.984337e-02 
3.357379e-02 
3.730421e-02 
4.103463e-02 
4.476505e-02 
4.849547e-02 
5.222589e-02 
5.595631e-02 
5.968673e-02 
6.341716e-02 
6.714758e-02 
7.087800e-02 
7.460842e-02 
7.833884e-02 
8.206926e-02 
8.579968e-02 
8.953010e-02 
9.326052e-02 
9.699094e-02 
1.007214e-01 
1.044518e-01 
1.081822e-01 
1.119126e-01 
1.156430e-01 
1.193735e-01 
1.231039e-01 
1.268343e-01 
1.305647e-01 
1.342952e-01 
1.380256e-01 
1.417560e-01 
1.454864e-01 
1.492168e-01 
1.529473e-01 
1.566777e-01 
1.604081e-01 
1.641385e-01 
1.678689e-01 
1.715994e-01 
1.753298e-01 
1.790602e-01 
1.827906e-01 
1.865210e-01 
1.902515e-01 
1.939819e-01 
1.977123e-01 
2.014427e-01 
2.051731e-01 
2.089036e-01 
2.126340e-01 
2.163644e-01 
2.200948e-01 
2.238253e-01 
2.275557e-01 
2.312861e-01 
2.350165e-01 
2.387469e-01 
2.424774e-01 
2.462078e-01 
2.499382e-01 
2.536686e-01 
2.573990e-01 
2.611295e-01 
2.648599e-01 
2.685903e-01 
2.723207e-01 
2.760511e-01 
2.797816e-01 
2.835120e-01 
2.872424e-01 
2.909728e-01 
2.947033e-01 
2.984337e-01 
3.021641e-01 
3.058945e-01 
3.096249e-01 
3.133554e-01 
3.170858e-01 
3.208162e-01 
3.245466e-01 
3.282770e-01 
3.320075e-01 
3.357379e-01 
3.394683e-01 
3.431987e-01 
3.469291e-01 
3.506596e-01 
3.543900e-01 
3.581204e-01 
3.618508e-01 
3.655812e-01 
3.693117e-01 
3.730421e-01 
3.767725e-01 
3.805029e-01 
3.842334e-01 
3.879638e-01 
3.916942e-01 
3.954246e-01 
3.991550e-01 
4.028855e-01 
4.066159e-01 
4.103463e-01 
4.140767e-01 
4.178071e-01 
4.215376e-01 
4.252680e-01 
4.289984e-01 
4.327288e-01 
4.364592e-01 
4.401897e-01 
4.439201e-01 
4.476505e-01 
4.513809e-01 
4.551114e-01 
4.588418e-01 
4.625722e-01 
4.663026e-01 
4.700330e-01 
4.737635e-01 
4.774939e-01 
4.812243e-01 
4.849547e-01 
4.886851e-01 
4.924156e-01 
4.961460e-01 
4.998764e-01 
5.036068e-01 
5.073372e-01 
5.110677e-01 
5.147981e-01 
5.185285e-01 
5.222589e-01 
5.259893e-01 
5.297198e-01 
5.334502e-01 
5.371806e-01 
5.409110e-01 
5.446415e-01 
5.483719e-01 
5.521023e-01 
5.558327e-01 
5.595631e-01 
5.632936e-01 
5.670240e-01 
5.707544e-01 
5.744848e-01 
5.782152e-01 
5.819457e-01 
5.856761e-01 
5.894065e-01 
5.931369e-01 
5.968673e-01 
6.005978e-01 
6.043282e-01 
6.080586e-01 
6.117890e-01 
6.155194e-01 
6.192499e-01 
6.229803e-01 
6.267107e-01 
6.304411e-01 
6.341716e-01 
6.379020e-01 
6.416324e-01 
6.453628e-01 
6.490932e-01 
6.528237e-01 
6.565541e-01 
6.602845e-01 
6.640149e-01 
6.677453e-01 
6.714758e-01 
6.752062e-01 
6.789366e-01 
6.826670e-01 
6.863974e-01 
6.901279e-01 
6.938583e-01 
6.975887e-01 
7.013191e-01 
7.050496e-01 
7.087800e-01 
7.125104e-01 
7.162408e-01 
7.199712e-01 
7.237017e-01 
7.274321e-01 
7.311625e-01 
7.348929e-01 
7.386233e-01 
7.423538e-01 
7.460842e-01 
7.498146e-01 
7.535450e-01 
7.572754e-01 
7.610059e-01 
7.647363e-01 
7.684667e-01 
7.721971e-01 
7.759275e-01 
7.796580e-01 
7.833884e-01 
7.871188e-01 
7.908492e-01 
7.945797e-01 
7.983101e-01 
8.020405e-01 
8.057709e-01 
8.095013e-01 
8.132318e-01 
8.169622e-01 
8.206926e-01 
8.244230e-01 
8.281534e-01 
8.318839e-01 
8.356143e-01 
8.393447e-01 
8.430751e-01 
8.468055e-01 
8.505360e-01 
8.542664e-01 
8.579968e-01 
8.617272e-01 
8.654577e-01 
8.691881e-01 
8.729185e-01 
8.766489e-01 
8.803793e-01 
8.841098e-01 
8.878402e-01 
8.915706e-01 
8.953010e-01 
8.990314e-01 
9.027619e-01 
9.064923e-01 
9.102227e-01 
9.139531e-01 
9.176835e-01 
9.214140e-01 
9.251444e-01 
9.288748e-01 
9.326052e-01 
9.363356e-01 
9.400661e-01 
9.437965e-01 
9.475269e-01 
9.512573e-01 
9.549878e-01 
9.587182e-01 
9.624486e-01 
9.661790e-01 
9.699094e-01 
9.736399e-01 
9.773703e-01 
9.811007e-01 
9.848311e-01 
9.885615e-01 
9.922920e-01 
9.960224e-01 
9.997528e-01 
1.003483e+00 
1.007214e+00 
1.010944e+00 
1.014674e+00 
1.018405e+00 
1.022135e+00 
1.025866e+00 
1.029596e+00 
1.033327e+00 
1.037057e+00 
1.040787e+00 
1.044518e+00 
1.048248e+00 
1.051979e+00 
1.055709e+00 
1.059440e+00 
1.063170e+00 
1.066900e+00 
1.070631e+00 
1.074361e+00 
1.078092e+00 
1.081822e+00 
1.085552e+00 
1.089283e+00 
1.093013e+00 
1.096744e+00 
1.100474e+00 
1.104205e+00 
1.107935e+00 

1 
1 
1.000000e+00 

0.000000e+00 
