1 
60 
6.505084e-02 

1.919000e+00 
1.984051e+00 
2.049101e+00 
2.114152e+00 
2.179203e+00 
2.244254e+00 
2.309305e+00 
2.374356e+00 
2.439406e+00 
2.504457e+00 
2.569508e+00 
2.634559e+00 
2.699610e+00 
2.764661e+00 
2.829711e+00 
2.894762e+00 
2.959813e+00 
3.024864e+00 
3.089915e+00 
3.154966e+00 
3.220016e+00 
3.285067e+00 
3.350118e+00 
3.415169e+00 
3.480220e+00 
3.545271e+00 
3.610322e+00 
3.675372e+00 
3.740423e+00 
3.805474e+00 
3.870525e+00 
3.935576e+00 
4.000627e+00 
4.065677e+00 
4.130728e+00 
4.195779e+00 
4.260830e+00 
4.325881e+00 
4.390932e+00 
4.455982e+00 
4.521033e+00 
4.586084e+00 
4.651135e+00 
4.716186e+00 
4.781237e+00 
4.846287e+00 
4.911338e+00 
4.976389e+00 
5.041440e+00 
5.106491e+00 
5.171542e+00 
5.236592e+00 
5.301643e+00 
5.366694e+00 
5.431745e+00 
5.496796e+00 
5.561847e+00 
5.626898e+00 
5.691948e+00 
5.756999e+00 

1 
36 
6.331057e-02 

1.107935e+00 
1.171246e+00 
1.234556e+00 
1.297867e+00 
1.361177e+00 
1.424488e+00 
1.487798e+00 
1.551109e+00 
1.614420e+00 
1.677730e+00 
1.741041e+00 
1.804351e+00 
1.867662e+00 
1.930972e+00 
1.994283e+00 
2.057594e+00 
2.120904e+00 
2.184215e+00 
2.247525e+00 
2.310836e+00 
2.374146e+00 
2.437457e+00 
2.500768e+00 
2.564078e+00 
2.627389e+00 
2.690699e+00 
2.754010e+00 
2.817320e+00 
2.880631e+00 
2.943942e+00 
3.007252e+00 
3.070563e+00 
3.133873e+00 
3.197184e+00 
3.260494e+00 
3.323805e+00 

1 
1 
1.000000e+00 

0.000000e+00 
